1.762475562505144477e+00
6.720863962041206285e+00
-3.318663345767571826e+00
-1.260888344218493717e+00
-3.741428043714184470e-01
5.251325831130306376e+00
5.075878467482379364e+00
-2.273829059653889484e+00
9.200366523617931058e-01
9.216238818802902077e-01
9.390548671201404574e+00
4.587277544107554839e+00
2.756995047388355324e-03
4.246504507148110896e+00
6.517884699680164040e+00
1.133006895690186200e+00
2.861884106463467692e+00
6.201306914318949204e+00
2.466374751437203194e+00
-5.056892071723562587e+00
6.690636750332802363e-01
-1.271677412966401022e+00
7.890062142160505942e+00
4.706250112261539442e+00
-7.521704417012673893e+00
5.647003077509533675e+00
-3.174827725799044265e-01
-2.740305587666458376e-01
-4.903454994473080975e-01
3.554428678231726479e+00
7.327860334928626429e+00
-3.297716248056216326e+00
-5.807597355683506990e-01
4.499041457363132102e-01
1.045540677831434007e+00
2.281708324023592027e+00
4.549448420607832055e+00
3.759632552680413742e+00
-2.423926429034982899e+00
1.925960101242954581e+00
