0 4.886338488878493 NaN -4.764721500424035 NaN 1.0185307337132472 NaN 5.836152680241839 NaN -3.3295084706733546 NaN 6.208008009928002 NaN -4.983485182772136 NaN 1.0447956320395728 NaN 5.363704599643005 NaN -1.7755123009498148 NaN 8.7019390929831 NaN -0.8881328080223034 NaN -2.3261158874757086 NaN 7.949305684597434 NaN 6.575891349130076 NaN 1.0430018974067516 NaN 7.636383150036761 NaN -0.3025312369751424 NaN 6.71484424352763 NaN 0.15212851976537783 NaN
0.049999999999999996 5.733833611042442 NaN -5.0918641378272005 NaN 1.9148718137588192 NaN 5.6360603497548025 NaN -2.6557712423067468 NaN 7.1242057991848435 NaN -4.6636289464579646 NaN 1.817260658712095 NaN 4.851112208584257 NaN -0.10624872560193369 NaN 8.579425931854995 NaN -1.2912553496106145 NaN -2.534391537639392 NaN 8.874419465740806 NaN 6.30861185178724 NaN 1.4563308557165322 NaN 7.479525689108118 NaN 0.06979782410851018 NaN 7.091437905882556 NaN 0.3426073568615482 NaN
0.10000000000000002 5.517810608066652 NaN -4.66352281212849 NaN 2.9243669705775233 NaN 4.8917339823579935 NaN -1.9186682687385836 NaN 7.272097347595973 NaN -4.38424103429279 NaN 2.4662046230919703 NaN 3.602188756012248 NaN 0.7696360920178315 NaN 8.60278959130034 NaN -1.1200205069290017 NaN -2.267724076545721 NaN 9.747036666309453 NaN 5.930205229173915 NaN 1.0549859866292703 NaN 6.7210223148955 NaN 0.9801182122005927 NaN 6.844196904508532 NaN 0.165328706524611 NaN
0.15000000000000005 5.746389682017839 NaN -4.06669041548016 NaN 3.512385383736096 NaN 3.9576241465579876 NaN -1.6787060043424877 NaN 7.256230511435284 NaN -3.5924538479840864 NaN 3.5183725618327184 NaN 2.7197850230519234 NaN 1.3203192518165912 NaN 8.441087961107309 NaN -0.6583861315628208 NaN -1.320322440971815 NaN 10.23884173353542 NaN 4.9372372078996865 NaN 1.2417269221872038 NaN 6.586192103888567 NaN 1.663836115442117 NaN 6.9382775652631645 NaN 0.06840806171412056 NaN
0.2000000000000001 5.483245682762807 NaN -3.534132124502301 NaN 4.568033046047829 NaN 1.9835819469500562 NaN -0.2930820885838117 NaN 7.802455861165629 NaN -2.1521708553704375 NaN 4.117885847943488 NaN 1.3056208026615925 NaN 1.0360494460839542 NaN 8.394832950103776 NaN -0.3395766767848585 NaN -1.1235331590690398 NaN 10.723923012044805 NaN 3.5836252327015807 NaN 1.2792013520700527 NaN 5.93006142321969 NaN 2.0194314539137053 NaN 6.816050814615425 NaN 0.23986824227792308 NaN
0.2500000000000001 5.915819678709982 NaN -2.3076701137845372 NaN 4.591686525958317 NaN -0.30873138456729 NaN -0.30021767225762513 NaN 7.287917149694358 NaN -1.0614765890731304 NaN 4.241627163310992 NaN -0.43470307660689217 NaN 1.179295733883141 NaN 7.790898812610006 NaN 0.517494011962808 NaN -0.4858120184347416 NaN 11.730443106936253 NaN 1.5989958544851235 NaN 2.062535336673968 NaN 5.402762958761602 NaN 2.5828686469094593 NaN 6.484661884655033 NaN 0.36602494297168786 NaN
0.30000000000000016 4.882943046692851 NaN -1.326293050065773 NaN 4.681953402018414 NaN -1.9004040697633968 NaN 0.24591407671543902 NaN 7.136823696805527 NaN 0.2664219020203209 NaN 4.851640986708734 NaN -1.8054463379684647 NaN 0.7687400411421257 NaN 6.918886353755044 NaN 1.8882654380684152 NaN -0.0385062656360773 NaN 12.142125239247976 NaN 0.24692542055356703 NaN 2.5394829667511423 NaN 5.0635792581249905 NaN 3.2349358516050413 NaN 6.251272553676352 NaN 1.134271725717954 NaN
0.3500000000000002 4.54840165652532 NaN 0.2918553928593579 NaN 4.953854434562147 NaN -3.0602376775078866 NaN 0.36519267823268464 NaN 6.9858192543185496 NaN 1.5760184399256334 NaN 5.304813745690817 NaN -2.8640914706131166 NaN 0.9718812578114728 NaN 6.034913371833436 NaN 2.6069916233017243 NaN 0.5352840030533955 NaN 12.105629426735462 NaN 0.3962920606375944 NaN 3.2308128561036655 NaN 3.4885645769676175 NaN 3.181972310956091 NaN 4.931541905378633 NaN 1.5207565931516271 NaN
0.40000000000000024 3.659778011336371 NaN 1.4536990155486504 NaN 4.89487792738 NaN -3.7273992587185045 NaN 0.6512640926109178 NaN 7.033117825881571 NaN 2.6946906489691105 NaN 5.146584924895732 NaN -3.088658381467637 NaN 0.9257163430136298 NaN 5.263286269405784 NaN 3.4417050706862624 NaN 0.8226304270434011 NaN 11.696576962407413 NaN 0.5053986464235335 NaN 4.400627081282942 NaN 2.645558974877429 NaN 3.176490541934434 NaN 3.6145598008796815 NaN 1.5563058232672866 NaN
0.4500000000000003 2.563702992349592 NaN 2.041650414477832 NaN 5.159203093257721 NaN -4.451508449847436 NaN 1.3618280069895712 NaN 6.354683071806741 NaN 3.0431495289120027 NaN 5.454411813458265 NaN -3.4662610523256063 NaN 1.001061446156713 NaN 3.521159768916201 NaN 3.5374357272636288 NaN 1.2760087075900048 NaN 10.99435616360648 NaN 1.5603232097132702 NaN 5.243329192103731 NaN 0.7317402133083233 NaN 3.053760034846607 NaN 1.6396689267614963 NaN 1.8224805844033283 NaN
0.5000000000000003 1.3571497221171875 NaN 2.2869183860497673 NaN 5.509047884500095 NaN -4.444837364970213 NaN 2.248162355607654 NaN 5.772211177564919 NaN 3.318881249023982 NaN 5.214700047603871 NaN -3.040786486163103 NaN 2.09560449380288 NaN 2.3981786697440155 NaN 3.702474017908697 NaN 2.175085292155025 NaN 9.491381074455076 NaN 2.490402404439865 NaN 5.971925641900124 NaN -0.3686704578431223 NaN 2.9563915692339204 NaN 0.08407600681634106 NaN 1.4070854239198967 NaN
0.5500000000000004 0.7947791361479424 NaN 1.9755200901803884 NaN 5.407262674947521 NaN -3.7439083432823335 NaN 3.794845638133754 NaN 5.345744856793658 NaN 3.6152582217309934 NaN 3.9871469082063227 NaN -2.238388911590623 NaN 2.473679832581224 NaN 1.6045752578106431 NaN 3.121565058228658 NaN 3.366678459016408 NaN 7.461970146478473 NaN 3.934217557040431 NaN 6.435663096323973 NaN -1.265767156474238 NaN 2.8656023026964292 NaN -1.5603650402617282 NaN 1.4486563842125182 NaN
0.6000000000000004 -0.5718656192803011 NaN 1.6705536408132504 NaN 4.890487999527044 NaN -2.8373265054365904 NaN 4.525538013283373 NaN 4.539531098503706 NaN 3.8809967639680005 NaN 2.7249515707001484 NaN -1.5658677747263952 NaN 2.535823239224419 NaN -0.14933446359061886 NaN 2.921616610186242 NaN 4.452429497701421 NaN 5.407403723373187 NaN 3.313004157641578 NaN 5.704592902591146 NaN -1.3747296648482175 NaN 3.242563189112172 NaN -2.6173227728899437 NaN 1.4395589779083797 NaN
0.6500000000000005 -1.2909130425655408 NaN 1.447457144150699 NaN 4.226650771727403 NaN -2.120155317376812 NaN 5.262440059133842 NaN 3.167352211587784 NaN 3.644901970231338 NaN 1.0044402084600708 NaN -1.382793513126746 NaN 3.460738426969597 NaN -1.5488103483878295 NaN 2.1123419508821324 NaN 5.682218660296232 NaN 2.78708476958145 NaN 2.681389351788163 NaN 4.434561082131005 NaN -0.8616738261339371 NaN 3.3173021251763544 NaN -2.8565962899277704 NaN 1.500814785767901 NaN
0.7000000000000005 -1.7287229258904964 NaN 1.0337322822110742 NaN 3.1711100760972775 NaN -1.303966999258493 NaN 5.6949681100663545 NaN 1.653822888804013 NaN 3.861998602694436 NaN -1.353088105421958 NaN -0.44633832120919736 NaN 3.940729083052158 NaN -2.7492359890860425 NaN 1.9338469887451066 NaN 7.225592927235786 NaN 0.406098793279631 NaN 1.5427814952869074 NaN 2.0692379026861243 NaN -0.088858316268406 NaN 3.2683977900498227 NaN -2.9894663446972376 NaN 3.038207779719071 NaN
0.7500000000000006 -2.5217599926555634 NaN 1.1403113288651325 NaN 1.839315608324371 NaN -0.5301605291420111 NaN 5.738112839316647 NaN 0.40200996893008945 NaN 4.189475542077249 NaN -2.7156693179982354 NaN -0.5310555666945297 NaN 4.508376417172055 NaN -3.2243825916325775 NaN 1.918881392921615 NaN 6.779379874745163 NaN 0.28966521083719915 NaN 0.24286479515931628 NaN 1.1645189259888655 NaN 0.1165936227481108 NaN 3.9372708791379325 NaN -2.830847741061857 NaN 3.9677101143746794 NaN
0.8000000000000006 -2.9640028014933475 NaN 1.7621471366311927 NaN 0.16398308107414727 NaN 0.03962430796458315 NaN 6.257998377703268 NaN -0.788990017765883 NaN 4.595706206428385 NaN -3.1746192714677575 NaN 0.1373350080725137 NaN 4.883410056808147 NaN -3.74719098874695 NaN 2.6092520104829084 NaN 5.22290128809341 NaN 1.3302627730673275 NaN -1.0272682984278834 NaN 0.5370463826049849 NaN 0.6181502800481137 NaN 4.592857104829507 NaN -2.695203578383688 NaN 5.628946902830518 NaN
0.8500000000000006 -3.152902226185827 NaN 2.5396416948350313 NaN -1.2758462964018689 NaN 0.19234296508517687 NaN 6.896847002252364 NaN -2.0975302449748905 NaN 5.066159890715621 NaN -3.9071717653332763 NaN 0.5728240735544261 NaN 4.906417832437449 NaN -3.730673323093019 NaN 4.1245471244132865 NaN 2.675155473553122 NaN 2.643537829170394 NaN -1.7851181136683005 NaN 0.0922393044708987 NaN 0.8110911540339626 NaN 4.818693256720137 NaN -2.4878508881160517 NaN 6.547785154455363 NaN
0.9000000000000007 -2.9829801814595145 NaN 3.5917223860336853 NaN -2.4337265559821812 NaN -0.034610462128098596 NaN 7.210746210470468 NaN -3.463798790029596 NaN 5.576325773832427 NaN -3.8910329213441 NaN 1.6260303740839106 NaN 5.52241250306702 NaN -3.978051130526514 NaN 4.917333859410089 NaN -1.2425395405967388 NaN 2.6913205294164557 NaN -1.5283485903299574 NaN 0.5189227993777241 NaN 1.1937573131341757 NaN 5.449275526184007 NaN -2.3542814764609252 NaN 7.460479757262343 NaN
0.9500000000000007 -2.109366829418307 NaN 4.173398855292806 NaN -3.4227876417891014 NaN 0.10960604097558689 NaN 7.808309197128197 NaN -3.2932117354085237 NaN 5.867814517635929 NaN -3.4079404593018556 NaN 2.9751359242171853 NaN 5.381831533786619 NaN -3.465565012411924 NaN 5.776304530301791 NaN -4.466303784495163 NaN 3.102165660248104 NaN -1.5518842237820212 NaN 0.6498259045537806 NaN 1.0421696889561898 NaN 6.063637600029134 NaN -2.1758098945810627 NaN 7.676610242250421 NaN
1.0000000000000007 -0.6329428293911358 NaN 4.480152230069817 NaN -3.7156129416403605 NaN 0.49591290382800735 NaN 7.769920346668733 NaN -3.1000153034384814 NaN 6.445782349790098 NaN -3.4918810585502027 NaN 4.770695732643491 NaN 5.416253035209934 NaN -2.685986837323178 NaN 6.863246987063077 NaN -6.726394533669781 NaN 3.274054941581028 NaN -1.107730545644856 NaN 1.014186162446758 NaN 1.6204083780931002 NaN 6.341877332470456 NaN -2.041924735181707 NaN 7.718122929481024 NaN
1.0499999999999996 0.7160635656380634 NaN 5.00398079319759 NaN -3.9008341703898948 NaN 0.7866822291055078 NaN 7.055815665789044 NaN -2.7527250006110515 NaN 6.556726373568823 NaN -2.876329745158264 NaN 5.560762210248274 NaN 4.172287762328346 NaN -2.6217897128284404 NaN 6.688728768276625 NaN -7.093342200514445 NaN 3.501792204171248 NaN -0.56341043627506 NaN 1.0522883939475798 NaN 1.7581851211056818 NaN 5.877489355946914 NaN -1.4778250197178244 NaN 7.46280401497911 NaN
1.0999999999999985 1.8950111269714203 NaN 5.072403645920032 NaN -3.998076493355379 NaN 2.4663406591989974 NaN 6.919971079193992 NaN -1.2474917627462374 NaN 6.712030895031085 NaN -2.700079670507153 NaN 6.557565244232007 NaN 2.6688413755157114 NaN -1.4095571653090944 NaN 6.70281390859317 NaN -7.719025139623932 NaN 4.139638129035046 NaN 0.06087412381440027 NaN 1.551419848049076 NaN 1.589484978278057 NaN 6.055922296520008 NaN -1.1114130799329067 NaN 7.336832389393773 NaN
1.1499999999999975 2.49477447551098 NaN 5.406511606380402 NaN -3.584707242242657 NaN 3.418187731633757 NaN 5.578682945722051 NaN 0.24035475776155968 NaN 6.57236286704014 NaN -2.4631095046908404 NaN 7.121892161538708 NaN 0.9334649644222969 NaN -0.9178021971561088 NaN 6.805646208165817 NaN -6.945428793763657 NaN 4.605089251193485 NaN 0.2265769303177383 NaN 1.1265719648801298 NaN 1.5204462099019755 NaN 4.735525467072981 NaN -0.3051291450094521 NaN 7.269176543129997 NaN
1.1999999999999964 3.610571795011069 NaN 4.913859764419332 NaN -3.088517377573389 NaN 4.384756363240737 NaN 3.6800786788823485 NaN 1.3751354053921523 NaN 6.940093846363613 NaN -1.532059016938616 NaN 7.870012942027442 NaN -0.48395916590475807 NaN -0.23708916118091355 NaN 6.838920572966983 NaN -5.944166205052714 NaN 4.864582401892503 NaN 0.5568529152820495 NaN 0.6240295201189108 NaN 1.7102278585122026 NaN 3.351933918803722 NaN 0.4115065431709603 NaN 7.04201986673754 NaN
1.2499999999999953 3.475629087551496 NaN 3.7437360206903674 NaN -2.3186231903467824 NaN 4.863490784845236 NaN 1.6311115514026218 NaN 2.1673697586365925 NaN 6.6055166875619005 NaN -1.1421162097165918 NaN 8.31594843929469 NaN -1.7870260954193797 NaN 0.05561595694047139 NaN 7.03558689799514 NaN -4.646941925082836 NaN 4.243881573260732 NaN 1.1178957560828597 NaN 0.6528973917317171 NaN 1.6459830160344646 NaN 2.172949043569365 NaN 1.0214272657090202 NaN 6.559625100223075 NaN
1.2999999999999943 3.8685795894018704 NaN 2.4103831354357332 NaN -1.7581220264453452 NaN 5.663225724013388 NaN -0.3023810052899672 NaN 1.9665701271877738 NaN 6.407339779314693 NaN -0.6801549998314975 NaN 8.228952805355021 NaN -2.449288328299093 NaN 0.6798336553328042 NaN 7.15391783674756 NaN -2.1493642218388764 NaN 3.876133986137714 NaN 1.7563289578611883 NaN 0.2537018477478602 NaN 2.035330401951949 NaN 0.7027507318729356 NaN 0.9371053110533705 NaN 6.200020008804034 NaN
1.3499999999999932 3.7342880375718823 NaN 0.3444187728504901 NaN -1.0349723839258909 NaN 6.046885305607753 NaN -2.6825682537651594 NaN 1.627702904316602 NaN 5.706843889218127 NaN 0.4179293157789123 NaN 8.473032782725888 NaN -2.680658274477883 NaN 0.8513904634717603 NaN 6.6449754438168265 NaN -0.2665948221515336 NaN 3.1917109839505886 NaN 3.315798368690354 NaN -0.8389549997307142 NaN 2.2691651597609526 NaN -0.9247934170072616 NaN 0.1662013233087154 NaN 6.161845613324547 NaN
1.3999999999999921 4.170947240850356 NaN -1.4029124625601965 NaN -0.9523972245371082 NaN 6.065999013147479 NaN -3.9779525196195804 NaN 0.9707600482488721 NaN 5.03661195643558 NaN 0.986361605991315 NaN 8.450228679273687 NaN -2.0090529048470716 NaN 1.6025269236094393 NaN 6.189235616871252 NaN 1.9645008053331328 NaN 2.751848719066065 NaN 4.301170925071862 NaN -1.5129003761912727 NaN 2.8903735445069314 NaN -2.0512533575482648 NaN 0.12028799240214497 NaN 6.16537994105137 NaN
1.449999999999991 4.614198798643631 NaN -2.8495123094437718 NaN -0.5205867879818111 NaN 6.637114942915527 NaN -4.301779658665021 NaN 0.6124729132631668 NaN 4.250623766180103 NaN 1.5861091196285722 NaN 8.311202813030123 NaN -0.9542128721251487 NaN 1.6839838241968739 NaN 6.04554545541294 NaN 3.354145445470986 NaN 3.247218776222971 NaN 5.584352313359277 NaN -2.4234061827963838 NaN 3.0912462411602135 NaN -2.969123104193635 NaN 0.3501234222860289 NaN 6.382730173743141 NaN
1.49999999999999 4.697387007029732 NaN -3.2149913396604366 NaN -0.17825511318024223 NaN 6.701477114502682 NaN -4.391221887702364 NaN 1.151627750842108 NaN 3.2647451133792145 NaN 2.1786917861286357 NaN 7.259599412265524 NaN 0.19916934581203083 NaN 2.168214000023132 NaN 5.76304150429866 NaN 4.123580942058838 NaN 3.312582135032695 NaN 6.153794430188237 NaN -2.360269858447861 NaN 4.390074958713997 NaN -3.400876566191095 NaN 0.7885677311420329 NaN 6.549009328755464 NaN
1.549999999999989 4.51283006176815 NaN -3.7698526685538787 NaN 0.36853848229300257 NaN 6.881584922814938 NaN -4.3133514408312035 NaN 1.5037347921296296 NaN 2.368795266554491 NaN 1.8159393741813807 NaN 5.878397598749992 NaN 1.6569359710753646 NaN 2.562390585314143 NaN 4.966463034262119 NaN 4.6955676623125315 NaN 3.570905528847203 NaN 4.901223998445161 NaN -2.095991138893587 NaN 5.118128438381686 NaN -3.5628923121925453 NaN 1.1334903966773677 NaN 6.356934280571975 NaN
1.5999999999999879 4.693542616187641 NaN -3.7524547928432104 NaN 1.7620402909824997 NaN 6.463060713260651 NaN -3.181404668953439 NaN 1.6526444648890666 NaN 1.4102616251572775 NaN 1.4842481737085942 NaN 4.303042166566571 NaN 2.6966434794077774 NaN 3.1061357359221597 NaN 4.460338846489217 NaN 4.840110305131081 NaN 4.265257079291899 NaN 3.335288517432161 NaN -1.5101919374177224 NaN 6.025425568334005 NaN -3.978491859959495 NaN 2.861509566305764 NaN 6.470010149414799 NaN
1.6499999999999868 4.755411215859019 NaN -3.302916667194678 NaN 2.394105751920357 NaN 6.339904123454361 NaN -2.135758283000214 NaN 2.6266817665109183 NaN 0.3262412311221729 NaN 1.0444745163374414 NaN 2.8964180089402602 NaN 2.6505663892851636 NaN 3.485083146095103 NaN 3.690827669775187 NaN 4.987136646231167 NaN 4.76386991583509 NaN 1.0792211152230986 NaN -1.3431808325675236 NaN 5.8104571101805735 NaN -3.7818765493258675 NaN 4.140085841929886 NaN 5.631534861826949 NaN
1.6999999999999857 5.036950293912393 NaN -3.1892787655115535 NaN 3.960431395133737 NaN 5.1749254514703535 NaN -0.4855193584012492 NaN 2.4211214285397467 NaN -0.617628279051763 NaN 0.40840501021829917 NaN 1.558100852088662 NaN 2.4767331624540683 NaN 3.940929975934824 NaN 3.243656109650438 NaN 5.104532162162911 NaN 5.981752164348992 NaN -1.2081741844210458 NaN -0.8988041360907518 NaN 6.4246451266706055 NaN -3.0751899836065517 NaN 5.251244928217265 NaN 4.114958657821092 NaN
1.7499999999999847 5.2340310546642 NaN -2.815450958148707 NaN 5.236941064581753 NaN 3.8093276473878763 NaN 0.41825508057379757 NaN 2.690413894949876 NaN -1.3331815477128965 NaN 0.08683988585149455 NaN -0.17262874857168942 NaN 1.8003913913969296 NaN 5.2844333257388785 NaN 2.4323766897515466 NaN 5.445013591454007 NaN 6.0130612659613 NaN -2.4667257856448646 NaN -0.3934678333296052 NaN 6.200884477351191 NaN -2.7958759780106406 NaN 6.871218287626135 NaN 2.0095568711402025 NaN
1.7999999999999836 5.108282612579506 NaN -2.0699763275411986 NaN 6.381912801879902 NaN 2.453687013043272 NaN 1.4102170716400346 NaN 3.216480040135125 NaN -2.4476864455784555 NaN 0.70025691932194 NaN -1.4275198272358913 NaN 0.7733141932886509 NaN 6.29604877288425 NaN 1.759753398046519 NaN 6.185632976120694 NaN 4.7707947626601745 NaN -2.704313325012896 NaN 0.2788240579656615 NaN 6.6606713736975 NaN -2.0912585290602044 NaN 6.988287007592869 NaN 0.31998485699484064 NaN
1.8499999999999825 5.5210250574565425 NaN -1.9544983760646737 NaN 7.101277431406565 NaN 0.9285242078987062 NaN 1.5570829168640157 NaN 3.3240624510481567 NaN -2.634205814622182 NaN 1.2783274332558385 NaN -1.9110031208038971 NaN 0.12354275524619865 NaN 6.875877247121465 NaN 1.7230375484951184 NaN 6.822298889074363 NaN 2.020622492706557 NaN -2.2083237445884274 NaN -0.012620549010789517 NaN 6.4844095267976485 NaN -1.2706265180335803 NaN 7.709061529992026 NaN -1.8734511984428082 NaN
1.8999999999999815 5.681386755839775 NaN -1.2877677872935491 NaN 7.917483069867176 NaN -0.7910434817517668 NaN 1.5838362311353977 NaN 4.321917698368469 NaN -2.810483958895518 NaN 2.105718070165231 NaN -2.056116617551262 NaN -0.15355131299367863 NaN 7.068694969600043 NaN 1.6453221879730555 NaN 7.462888685532945 NaN -1.280897817793936 NaN -1.6540461096712802 NaN 0.847605249126434 NaN 6.573278128128874 NaN -0.2801025732819498 NaN 7.912670249629274 NaN -3.5198400602827884 NaN
1.9499999999999804 6.21709710810627 NaN -0.9410528234666025 NaN 8.542867199766569 NaN -1.554650580014616 NaN 1.026266890549394 NaN 5.014506908488344 NaN -3.0433701578996097 NaN 3.434941039671001 NaN -2.9959102720619137 NaN 0.5803551777272524 NaN 7.026358423137731 NaN 1.8680181197688295 NaN 8.643549891605783 NaN -3.565430777143729 NaN -1.0358050749872136 NaN 1.2499704642096876 NaN 6.091247242637646 NaN 0.9338160949147228 NaN 8.321443872359168 NaN -4.535756805685171 NaN
1.9999999999999793 6.851449827094214 NaN -0.582275631762803 NaN 8.540373627729878 NaN -1.7820946544117848 NaN 1.6023542175902292 NaN 5.270215268191914 NaN -2.460903629917829 NaN 4.671323090125722 NaN -2.7962243503820376 NaN 1.2848790539583508 NaN 6.163120497836831 NaN 2.4032549263972185 NaN 8.94542238885975 NaN -4.499254676659062 NaN -0.15579723727710057 NaN 1.9727133211630947 NaN 6.017161500281291 NaN 1.727999529327797 NaN 8.025461624813785 NaN -5.045689602651879 NaN
2.0499999999999785 6.948564080721828 NaN -0.015942033388412935 NaN 8.688014513503079 NaN -1.389558973936317 NaN 1.1600564953802501 NaN 5.348628692323996 NaN -2.562441879647205 NaN 5.37011198096218 NaN -3.1334913623328924 NaN 2.400994918818999 NaN 4.264710583919931 NaN 2.5881586280454973 NaN 8.032505440398294 NaN -3.894571079992172 NaN 1.2504010684927565 NaN 2.335416851761906 NaN 4.66953352578601 NaN 2.266288306851816 NaN 7.8092840743749266 NaN -4.351868291784596 NaN
2.0999999999999774 6.967077659164776 NaN 0.3337833973111677 NaN 8.456207571415923 NaN -0.5505284202785127 NaN 1.2136392790897077 NaN 5.156117650161104 NaN -1.4108457424659753 NaN 6.426566438984322 NaN -3.055614530651518 NaN 4.40938675081805 NaN 2.265527858134554 NaN 2.414874353568088 NaN 5.907020796032112 NaN -2.602402310990104 NaN 1.9420339734473235 NaN 3.0545231445681518 NaN 3.881592918599115 NaN 2.6251870368311185 NaN 7.391678229761612 NaN -2.940033555259419 NaN
2.1499999999999764 6.543874463192099 NaN 0.9430199475523228 NaN 8.260270911035768 NaN 0.6435160482182746 NaN 1.2141144869214973 NaN 4.6741197123660605 NaN -0.776276539270992 NaN 6.547047965987867 NaN -3.298007397742541 NaN 5.646990733071131 NaN -1.0769332315506213 NaN 1.0131819491934584 NaN 2.4937284060355904 NaN -1.4672322006945095 NaN 2.4442648738406025 NaN 3.890124593375048 NaN 2.6839291419220093 NaN 2.3969330907911774 NaN 5.242727914171221 NaN -0.59563505682656 NaN
2.1999999999999753 6.9374244365802795 NaN 0.6260149915014165 NaN 7.513848971174313 NaN 2.051595579049248 NaN 1.6703535473655207 NaN 3.3906168861255264 NaN -0.12411173746672471 NaN 6.64449857749399 NaN -2.8313868204118515 NaN 6.942124537137474 NaN -3.6064503845908686 NaN 0.08971052723053996 NaN -0.17604773971925042 NaN -1.0522139013656084 NaN 3.2542773214184986 NaN 4.103715766640657 NaN 1.9465327373725376 NaN 2.3391324703423626 NaN 2.757107278128077 NaN 0.6928865886424129 NaN
2.2499999999999742 6.776519727266651 NaN 0.8363837185219518 NaN 6.814044493034344 NaN 2.8366200590970974 NaN 2.068565261388312 NaN 2.183454323160381 NaN 0.3500608717226032 NaN 6.783385186093625 NaN -2.3201363340152072 NaN 8.081647659381103 NaN -5.0989199240215966 NaN -0.554779796508635 NaN -2.0276929359256717 NaN -1.7380895866366348 NaN 3.6536361125699166 NaN 4.392700458648388 NaN 0.759765849978237 NaN 2.565898567826747 NaN 0.3986109060898587 NaN 1.9659823153573157 NaN
2.299999999999973 7.032952389044731 NaN 0.8235337214708252 NaN 6.224167907618172 NaN 3.6211537719102678 NaN 2.513579826023199 NaN 0.07606744578301172 NaN 0.5053366414143804 NaN 6.8026558607499 NaN -1.0557912785986645 NaN 7.940639256186025 NaN -5.315063386178858 NaN 0.5945068796558737 NaN -4.052683297402041 NaN -1.8840091739437654 NaN 4.3104553983268925 NaN 4.852640510552621 NaN -0.4601849610498395 NaN 2.2014582708309485 NaN -1.8792747105992136 NaN 1.8332523045979718 NaN
2.349999999999972 7.173535217681799 NaN 0.6325488209940993 NaN 6.309756541375302 NaN 4.1806488554428825 NaN 3.2075599882246593 NaN -1.001229113178524 NaN 0.8533638109888196 NaN 6.3864469228976635 NaN -0.46903226140329957 NaN 7.985583506634133 NaN -5.19169046872852 NaN 1.4931458641875843 NaN -4.1641092728669955 NaN -2.0512536250797386 NaN 5.00733719233554 NaN 4.840444749814769 NaN -0.6377713755041342 NaN 1.8586297104762965 NaN -3.0578078643957127 NaN 1.3877967083030052 NaN
2.399999999999971 7.781788831698776 NaN 0.7079304951021772 NaN 5.731081288956554 NaN 4.505545157018842 NaN 3.866133161662737 NaN -1.8587433862657696 NaN 0.37530204172925935 NaN 6.41077642768938 NaN 0.5606931712161838 NaN 7.927989714501084 NaN -4.086476095135932 NaN 2.3158291256791705 NaN -3.703173638606549 NaN -0.997257112834366 NaN 5.495618325859242 NaN 3.7905482695664054 NaN -0.4417322792857947 NaN 2.586599512938021 NaN -4.1909133584842735 NaN 0.5621262098927245 NaN
2.44999999999997 7.758614165871265 NaN 1.0241264731539137 NaN 5.301629944147971 NaN 4.906271829646864 NaN 4.186242024155456 NaN -3.008401776839448 NaN 0.7661641190823624 NaN 5.330960586078714 NaN 1.8075502573305593 NaN 7.609973238613964 NaN -1.987051245234761 NaN 2.678708299991869 NaN -3.3096519349161744 NaN 0.15115371810467404 NaN 5.981356513010733 NaN 2.24785742683141 NaN -0.11303552108628528 NaN 2.7007286799608 NaN -4.714728133458265 NaN 0.7405866757387021 NaN
2.499999999999969 7.546535083502197 NaN 1.1730754501783087 NaN 4.813241484284831 NaN 5.007880408654862 NaN 3.413419436370035 NaN -2.7266649489232635 NaN 0.9496777332231208 NaN 5.007042760616279 NaN 2.1272257714636345 NaN 7.095559526804096 NaN -0.8833747058925393 NaN 3.346021744948016 NaN -2.213658034759621 NaN 1.3820504515225729 NaN 6.347711671660356 NaN 0.6940930646092818 NaN -0.2487105897201523 NaN 2.94168050500302 NaN -4.691415778398657 NaN 1.7714292948101318 NaN
2.549999999999968 6.934357785851981 NaN 1.7775824563821978 NaN 4.525877077174953 NaN 5.105745886938366 NaN 2.8374446263592383 NaN -2.4324864119050855 NaN 1.7097853284169462 NaN 4.092751699977312 NaN 2.9173697315901492 NaN 5.470578524848193 NaN 1.408039789660297 NaN 3.726964539944927 NaN -1.3813412321058924 NaN 2.24362937208752 NaN 6.34525786893233 NaN -1.5271292600152735 NaN 0.2526497896774058 NaN 3.6617572435301993 NaN -4.16209016890499 NaN 3.1787311819247743 NaN
2.599999999999967 5.626937110339078 NaN 1.9673282816556228 NaN 3.8296364886266088 NaN 4.716538647759765 NaN 0.9159529172572518 NaN -2.0205603697233627 NaN 1.998226935913431 NaN 3.575274058001588 NaN 2.715088631343288 NaN 3.4514660159150763 NaN 2.454414424851734 NaN 3.8913353713438927 NaN 0.10708070455755837 NaN 3.924826137827206 NaN 7.233626502254048 NaN -2.7701518589150442 NaN 0.6198287881995427 NaN 4.0375788465230995 NaN -3.622292948544091 NaN 4.632120239921317 NaN
2.6499999999999657 3.55584176354796 NaN 1.858222437654895 NaN 3.6246326649714162 NaN 5.300037474705522 NaN -0.5789801398344566 NaN -1.33524102947872 NaN 2.438498558329435 NaN 2.8992556032047045 NaN 2.7081577985707845 NaN 1.5287439700508696 NaN 2.4009324134683654 NaN 4.648850228619163 NaN 0.6605429105525744 NaN 4.530855331828495 NaN 7.007519529560913 NaN -3.182170077762089 NaN 1.571677314961962 NaN 4.125435284807522 NaN -3.2045139128914766 NaN 6.289955923079996 NaN
2.6999999999999647 0.8341732050602837 NaN 1.711524005810127 NaN 3.128126606536544 NaN 5.7033816150616 NaN -1.8587482242028905 NaN -1.0044137234372068 NaN 3.272232537038369 NaN 1.376722943988584 NaN 2.2732979077577475 NaN -0.656903126187779 NaN 2.6132247722383455 NaN 5.76633992485238 NaN 1.3670316132085325 NaN 4.970328118874124 NaN 6.735165132620787 NaN -3.579680028988772 NaN 2.473492560235121 NaN 4.564033762424581 NaN -3.2304109753616244 NaN 7.983890288338724 NaN
2.7499999999999636 -1.606478009510969 NaN 1.3952650569081566 NaN 2.4000604250192445 NaN 5.627255119566886 NaN -2.546099915159667 NaN -0.5186263692378853 NaN 3.8629605840410846 NaN 0.19317214979931968 NaN 1.7677880847406546 NaN -2.043419201260354 NaN 1.1077161275024934 NaN 6.608000851244721 NaN 1.8114218641420936 NaN 5.607927737588804 NaN 6.087990606687467 NaN -3.2693339229208176 NaN 3.840363461972044 NaN 4.876756591544668 NaN -2.595126254133014 NaN 8.665050026734312 NaN
2.7999999999999625 -3.239042000139981 NaN 0.8581565396006217 NaN 2.539624080668074 NaN 5.64759259011853 NaN -3.117538989395611 NaN 0.9166525499228542 NaN 4.214361818634241 NaN -0.6761584195831263 NaN 1.739407010881928 NaN -3.293329163014195 NaN 0.4227172058052862 NaN 7.523577064883487 NaN 1.7413420970110867 NaN 6.348068015894548 NaN 5.061722530217101 NaN -2.071329372055604 NaN 4.8042211862864175 NaN 4.065200619822857 NaN -2.4412402572936487 NaN 9.235292847974124 NaN
2.8499999999999615 -4.289191641593267 NaN 1.1440146231155601 NaN 2.5116510412251785 NaN 5.703050739629671 NaN -2.859276156325642 NaN 2.343252047218305 NaN 5.144264463033887 NaN -1.4255143350310402 NaN 1.4771754632835243 NaN -3.5398555208639544 NaN 0.5083841415922311 NaN 8.564980307257505 NaN 1.8376532888873134 NaN 6.828812361372194 NaN 3.8740847083661865 NaN -1.9045854444988572 NaN 5.658434987932626 NaN 3.725611410698707 NaN -1.9011342546086651 NaN 9.64685700008357 NaN
2.8999999999999604 -3.202038677130543 NaN 2.232429118620079 NaN 1.9947888116305532 NaN 5.533976092790252 NaN -2.1747126798691925 NaN 3.862855872383961 NaN 5.338647491431631 NaN -2.7544714077664714 NaN 1.7375968396935253 NaN -3.74567034077896 NaN 1.1718430969752445 NaN 8.19577666774928 NaN 2.193516154922594 NaN 7.262657918288359 NaN 2.8113396456430495 NaN -1.1102011602270698 NaN 6.452960016460316 NaN 2.2811890062665277 NaN -1.505582552647976 NaN 9.644173542277622 NaN
2.9499999999999593 -2.885893514933847 NaN 2.8150129359779124 NaN 1.4142973415197064 NaN 5.533375867764897 NaN -1.6106688779803897 NaN 5.388092330091149 NaN 4.825111652968993 NaN -2.5832410216994695 NaN 2.107448915135783 NaN -2.897338765870989 NaN 2.05944471267215 NaN 7.866272176896378 NaN 2.189341576625254 NaN 7.253543003243941 NaN 2.1588920896598878 NaN -0.731237201691281 NaN 6.940317902139001 NaN 0.9005291806013901 NaN -0.8505921764076448 NaN 9.412538106027512 NaN
2.9999999999999583 -1.0498068324566645 NaN 2.704847441521514 NaN 0.7945923027268212 NaN 6.084269046827499 NaN -1.553652884761508 NaN 6.697504810274969 NaN 4.7506131634331075 NaN -2.300454826919701 NaN 2.705899620468069 NaN -2.2730330446616827 NaN 3.769966187879761 NaN 6.057926953135669 NaN 2.42234900424554 NaN 6.204913738223175 NaN 2.5238547639876936 NaN -0.04777391607674244 NaN 7.104068190324279 NaN -0.4117911083614374 NaN -0.7167315457483703 NaN 9.41797269863421 NaN
3.049999999999957 0.0126313726679845 NaN 2.6315074444364632 NaN 0.30351688091473433 NaN 6.362117364176059 NaN -1.147440372235662 NaN 8.28744406007225 NaN 4.375183305067556 NaN -2.2271312478298797 NaN 3.2577311715113866 NaN -1.9498398576818599 NaN 5.677605762098847 NaN 3.5107962272438007 NaN 2.039598200452394 NaN 4.124689004437098 NaN 3.48335833970918 NaN 0.43369484811219794 NaN 7.710328583374571 NaN -1.4262464220662552 NaN 0.18107967317592027 NaN 9.172560197170487 NaN
3.099999999999956 1.0706571561979525 NaN 3.6820412694161955 NaN -0.4425754837983432 NaN 6.474961653536267 NaN -0.7904028078628103 NaN 8.78117671501713 NaN 3.192031582504277 NaN -1.7662757677980199 NaN 4.032815851094175 NaN -0.950766863985687 NaN 6.912697543604002 NaN 0.1969131727206231 NaN 1.2407171354706341 NaN 2.185077659323303 NaN 4.289129387602532 NaN 0.6429612765670779 NaN 7.985215600029694 NaN -1.5933368348663548 NaN 0.4002133575633917 NaN 9.132203944083201 NaN
3.149999999999955 2.0110702887091736 NaN 4.0643623957000585 NaN -1.1210039666523879 NaN 7.114772738482407 NaN -0.44393352939771324 NaN 9.603339829844298 NaN 2.825191113878397 NaN -1.5216300579834456 NaN 4.543431565638396 NaN -0.8434113451540296 NaN 8.799251690381805 NaN -3.165050089672729 NaN -0.10915752088259134 NaN 0.8927354606051515 NaN 4.4150246369361295 NaN 1.1036667953382702 NaN 8.044175256463301 NaN -1.940752675400824 NaN 1.0049845532148751 NaN 8.924937645438355 NaN
3.199999999999954 2.496430922388625 NaN 4.938970954962479 NaN -1.4449582214986347 NaN 7.210776034513167 NaN -0.5687930620983888 NaN 9.656655271893769 NaN 2.6377562335106086 NaN -0.5562763236572765 NaN 4.746151458631572 NaN -0.5087073553050058 NaN 9.39449045404524 NaN -4.317271247795805 NaN -0.5683906767917183 NaN 0.14331687360336492 NaN 4.280002033918564 NaN 1.1415648723797014 NaN 7.3773799242000315 NaN -1.0607795810666758 NaN 1.2359007942258873 NaN 8.722988212497214 NaN
3.249999999999953 3.0013069090636066 NaN 5.479477903899128 NaN -2.152312934344842 NaN 7.982305748011241 NaN -0.590388509902612 NaN 9.553524251642736 NaN 3.014593141440216 NaN -0.5726974947308034 NaN 5.226874120147353 NaN -0.935775351817249 NaN 9.678939509803861 NaN -3.9077861490117223 NaN -0.535652485084821 NaN -0.3135877651533059 NaN 4.066838232530075 NaN 2.003292951423795 NaN 6.924947316323391 NaN 0.29119406571092754 NaN 2.240445161499228 NaN 8.407508716332249 NaN
3.299999999999952 3.255335024627138 NaN 6.306161645189102 NaN -2.68470526454526 NaN 8.155157748632728 NaN -0.21496520781054954 NaN 9.734033757017418 NaN 3.7062385598527667 NaN -0.04099107139858324 NaN 6.267164387572298 NaN -0.7956002241729153 NaN 9.261062315836273 NaN -1.8599501405864312 NaN -0.3020509877111702 NaN -0.5297596614209001 NaN 4.071318506145031 NaN 2.064382291252525 NaN 5.912506961266084 NaN 1.1560289266276749 NaN 2.8699621168123683 NaN 7.790341834332887 NaN
3.349999999999951 3.7835121273121204 NaN 6.1494271683677795 NaN -2.9609633479779336 NaN 8.498700080121793 NaN -0.18479989493692459 NaN 9.289117158731043 NaN 4.502807932613292 NaN -0.230615447293138 NaN 6.111121095935585 NaN -0.6766110514170397 NaN 8.156992474597178 NaN 0.4604317030408021 NaN 0.26007106381102313 NaN -0.36519592730512085 NaN 4.234423041742491 NaN 1.9946257808927497 NaN 4.546587039270982 NaN 1.7144801836788535 NaN 3.4513590469169433 NaN 7.303227817011119 NaN
3.3999999999999497 3.6903140015672564 NaN 5.674074094915073 NaN -2.649787074984219 NaN 9.146405192602396 NaN 0.1669650044449334 NaN 8.716416659894394 NaN 4.732309543402304 NaN 0.3237932894613407 NaN 6.852920407296041 NaN -0.670663535390996 NaN 7.262791855345384 NaN 3.040823040661943 NaN 0.756734066746227 NaN -0.4454785217690119 NaN 4.05252921250442 NaN 2.925758073080691 NaN 3.168998041804284 NaN 1.946427772429294 NaN 4.303863548095998 NaN 5.620046644072496 NaN
3.4499999999999487 3.6234964557792906 NaN 3.5694069683100507 NaN -1.547689471253518 NaN 8.955909171639055 NaN 0.6910620864524556 NaN 8.667588898002226 NaN 5.353063126514839 NaN 0.3629781381280851 NaN 6.683458922105619 NaN -0.7650163840619096 NaN 6.406649455133424 NaN 4.599495653794671 NaN 1.3763505402831528 NaN -0.39905473770357236 NaN 4.718184682732134 NaN 3.24871198427265 NaN 1.7251334192430594 NaN 2.0962201571932697 NaN 5.573444829535291 NaN 4.718591661698368 NaN
3.4999999999999476 3.915221000183823 NaN 1.3752971172797304 NaN -0.850284136391943 NaN 8.699239230785428 NaN 0.5307670614043423 NaN 7.621084410676121 NaN 5.679362116819695 NaN 0.2726919567121097 NaN 7.339931786965896 NaN -0.36197227771815643 NaN 5.718399219598743 NaN 5.359357129221898 NaN 3.0250293310547054 NaN -0.713424800283936 NaN 4.7287338138728865 NaN 3.2380571947762493 NaN 0.5463443125815934 NaN 1.8620206511163988 NaN 6.783157836715387 NaN 2.352770424825771 NaN
3.5499999999999465 3.8964410890969496 NaN -1.0073686374294064 NaN -0.42262635244113844 NaN 8.825926826001036 NaN 0.7815998813841064 NaN 7.191302079493937 NaN 6.05958905135565 NaN 0.20702861264749522 NaN 7.190018816823594 NaN 0.10210314369984463 NaN 5.019217933612756 NaN 5.303112048305877 NaN 3.841698508290721 NaN -1.3042745197132704 NaN 5.521113946881547 NaN 2.7272614991269033 NaN 0.3873689378051619 NaN 1.6986620484437167 NaN 7.86910148809831 NaN 0.9045373209531986 NaN
3.5999999999999455 3.644696842491856 NaN -3.0673378253423413 NaN -0.21602957928704647 NaN 8.907260831287449 NaN 0.9445077574074996 NaN 7.052155590566197 NaN 6.309900172086399 NaN 0.07961143346048152 NaN 7.469312368209804 NaN 0.159866100200939 NaN 4.633332756131364 NaN 5.401494056941443 NaN 4.607992006978654 NaN -1.5555333859713179 NaN 6.543539493553078 NaN 1.4950799851620071 NaN 0.011150589773473038 NaN 0.9499727695900545 NaN 8.630100536675288 NaN 0.17390419874883398 NaN
3.6499999999999444 3.9531908168392738 NaN -3.8566353191719926 NaN 0.2976802072136443 NaN 8.632657783516125 NaN 0.9575908695625508 NaN 6.576697967775226 NaN 6.252263033856376 NaN -0.3350379565174185 NaN 7.220616069309741 NaN 0.8231496586919537 NaN 4.201051604821821 NaN 4.761488546913969 NaN 4.796639549652691 NaN -1.9741329329876989 NaN 7.414537694109921 NaN -0.12950265799463057 NaN 0.34720409413196063 NaN 0.31022773173332274 NaN 7.99186641134176 NaN 0.4413096827985662 NaN
3.6999999999999433 4.268832131138966 NaN -4.351420889633869 NaN 0.7249123806504175 NaN 9.056120599261668 NaN 1.0242109426216839 NaN 6.456680458402936 NaN 6.614074319263088 NaN -0.39998711723254293 NaN 7.292960202434886 NaN 0.9610173113401738 NaN 3.8526582640203686 NaN 4.26132946711418 NaN 3.8725707200047803 NaN -1.755185593499229 NaN 8.446719108471347 NaN -1.5511425819379787 NaN 0.3092919264117983 NaN 0.221675802800233 NaN 7.200856453553951 NaN 1.739231889921296 NaN
3.7499999999999423 4.682251376260011 NaN -4.414856439548742 NaN 2.43292144611238 NaN 8.916282330616816 NaN 1.0976823141832746 NaN 6.177704216624726 NaN 6.667043305596368 NaN -0.5254050170525523 NaN 6.770125431681078 NaN 1.6133757668784219 NaN 3.349608239987176 NaN 3.763288145957049 NaN 1.6253614697148044 NaN -1.3108768359848006 NaN 8.862606880051091 NaN -3.066028834540152 NaN 0.8464941085461483 NaN 0.4469882187527425 NaN 5.610936435429797 NaN 2.6436185786279727 NaN
3.799999999999941 5.236063595117335 NaN -4.016781630683703 NaN 3.803754135192737 NaN 8.5936756795307 NaN 0.7616186324540661 NaN 5.982362370364536 NaN 6.257907876539386 NaN -0.42015295527903457 NaN 6.577738073330278 NaN 1.8458569003160898 NaN 2.761867985122133 NaN 3.7907967076698856 NaN -0.8119204624315719 NaN -0.7461188556667009 NaN 9.238276283605797 NaN -3.7049791297747663 NaN 1.876737291007278 NaN 0.07081807806742207 NaN 3.6003778998379423 NaN 3.1089460280451 NaN
3.84999999999994 5.071132362611609 NaN -3.3582335304163 NaN 5.190519195129193 NaN 8.465682300516134 NaN 1.052949848348377 NaN 5.873399958209492 NaN 6.463905128680279 NaN -0.6810638997997206 NaN 6.466817646836521 NaN 2.2895241913690025 NaN 1.5341993075743896 NaN 3.167166693539677 NaN -1.7720488915588717 NaN -0.5094632847863046 NaN 9.077513747363835 NaN -3.378583780823166 NaN 2.8433534887801826 NaN 0.9639017156703076 NaN 1.6805566098347033 NaN 3.1502692394390923 NaN
3.899999999999939 4.7786144059581295 NaN -3.024486042594891 NaN 6.915496434702529 NaN 7.290879149472919 NaN 1.4668021740470796 NaN 5.865999711256263 NaN 6.827354795667788 NaN -0.91971417710059 NaN 6.299911006903532 NaN 2.5568042860175506 NaN 1.0215444237896143 NaN 3.1953769921865143 NaN -2.5112581571352313 NaN 0.42072334396033095 NaN 9.482766082741758 NaN -2.796091323986914 NaN 3.3452375884755234 NaN 0.8687664553754707 NaN -0.7823333868560145 NaN 1.7566159184631167 NaN
3.949999999999938 4.000822731106788 NaN -2.3705693508271013 NaN 8.297238912185044 NaN 5.6505656521951915 NaN 1.7533786309877633 NaN 5.549520247246051 NaN 6.562284012905713 NaN -0.6676642569446077 NaN 6.115625745746821 NaN 2.7137608432975466 NaN 0.6096354747535683 NaN 2.9475614978694367 NaN -1.7299062659566695 NaN 1.2779104430683674 NaN 9.215707090208275 NaN -2.2198611944965116 NaN 3.977628912286184 NaN 0.8422979629836397 NaN -1.823318507261161 NaN -0.02229872577417169 NaN
3.999999999999937 3.1555872252309873 NaN -1.7029851264664768 NaN 9.12170588231371 NaN 2.346886981093207 NaN 2.1282100563590185 NaN 4.828756482972462 NaN 6.376045708457878 NaN -0.7933150715301062 NaN 5.562460530690143 NaN 2.773351697738048 NaN -0.46108339777730495 NaN 3.63893397916406 NaN -0.6637105881932797 NaN 2.720481100898293 NaN 8.428878807829246 NaN -0.8454659860570588 NaN 4.423609246307236 NaN 1.1353807492760226 NaN -3.2576626346117097 NaN -0.5960222161896225 NaN
4.049999999999936 2.14073562302176 NaN -1.1043265274691372 NaN 9.723412883384624 NaN -1.174437847717331 NaN 1.8882315683077227 NaN 4.699122610335028 NaN 6.69394575802439 NaN -1.0942286547642448 NaN 5.464254702433099 NaN 2.794129558599225 NaN -1.0471967202185732 NaN 3.6213474356608866 NaN 0.37005118601221654 NaN 3.7394814251798594 NaN 6.722871882441274 NaN 0.2486650283236289 NaN 4.464606071190917 NaN 1.3848475223537127 NaN -3.410376654165551 NaN -1.1352668968279234 NaN
4.099999999999935 1.3515683766750304 NaN -0.5672952210405915 NaN 9.958921457562425 NaN -4.115272038524893 NaN 2.265936388639272 NaN 3.8065146865198374 NaN 6.649029470272176 NaN -0.3464286780745657 NaN 5.238369912665347 NaN 2.8028554396454752 NaN -1.349401478143071 NaN 4.622428826810084 NaN 1.4156383561254322 NaN 4.693373815254588 NaN 5.783373044695168 NaN 1.3299629598782623 NaN 4.144279804854816 NaN 1.1472571722198217 NaN -3.2798515729611206 NaN 0.13670036949001702 NaN
4.149999999999934 -0.5191254268410563 NaN -0.12217893327404873 NaN 10.314798496143288 NaN -5.504044803912551 NaN 3.784815988319725 NaN 2.3765988429890155 NaN 6.912774108828212 NaN -0.36054673600670795 NaN 4.979515544344663 NaN 2.716564536212843 NaN -1.4572647304282578 NaN 5.478021531209582 NaN 1.603826628035032 NaN 5.7502249612332825 NaN 3.3883681120027016 NaN 1.5232131456543947 NaN 3.9482749624535285 NaN 1.531561617569327 NaN -2.3729597443425923 NaN 1.91326430157487 NaN
4.199999999999933 -1.8516006854369111 NaN -0.20245082357166427 NaN 10.295823542089357 NaN -4.854618947566297 NaN 4.878097503902161 NaN 0.5764500852720955 NaN 6.823690056112735 NaN -0.29590885016084023 NaN 4.658096412451253 NaN 2.271247104411157 NaN -1.073704139441684 NaN 6.34471762190635 NaN 0.9529757487592165 NaN 6.259963533209264 NaN 1.5697402513123564 NaN 1.4135263175964092 NaN 3.4354155460071794 NaN 1.7574544991743037 NaN -1.071919673263602 NaN 3.1756780636341233 NaN
4.249999999999932 -3.397230456406297 NaN -0.1517336189238183 NaN 9.884395105236457 NaN -3.515784486683199 NaN 5.321161663389913 NaN -1.1129953126965177 NaN 7.251569736701524 NaN -0.5903783107397595 NaN 4.248086201269071 NaN 2.297061947949752 NaN -0.6037993429867149 NaN 7.690230587596703 NaN 0.049129448251676755 NaN 7.00807451622447 NaN 0.31216993353335243 NaN 0.9156551723290082 NaN 2.9486892170455854 NaN 2.0654256222449483 NaN 0.12571071793215538 NaN 5.079277311575823 NaN
4.2999999999999305 -4.118703598508703 NaN 0.01932330854517458 NaN 9.566720609814004 NaN -0.9537078331724721 NaN 4.707075413776293 NaN -2.462435600977784 NaN 7.569925663381594 NaN -0.244885131394458 NaN 3.737635857190143 NaN 1.3674449473527366 NaN 0.4346887812616352 NaN 9.162205406720132 NaN -1.2595035572891662 NaN 7.790868834907046 NaN -0.7345535668824072 NaN 0.12862810259954482 NaN 2.6400547929542633 NaN 1.7646643008239846 NaN 1.2157123233694942 NaN 5.880180337724067 NaN
4.3499999999999295 -4.298699117162436 NaN 0.4289349924348627 NaN 8.625589837141055 NaN 2.00446578051018 NaN 4.767846867308328 NaN -3.272173621552925 NaN 7.771916537041008 NaN -0.2251117705933911 NaN 3.3193815901378896 NaN 1.202773147802359 NaN 1.230316699791393 NaN 9.968784290039356 NaN -2.09501901294649 NaN 8.334408108222927 NaN -0.5961011869511978 NaN -0.5844968896102652 NaN 1.9851151900251338 NaN 1.7531210431827282 NaN 2.6852945798955026 NaN 5.956922734943201 NaN
4.399999999999928 -3.7965171879014408 NaN 1.5243484140017867 NaN 7.938847305173301 NaN 3.912854426568923 NaN 4.998848775164829 NaN -4.0577566296893925 NaN 8.208449089668038 NaN -0.35150792187857666 NaN 2.762355970438894 NaN 0.6999666534242144 NaN 2.681651065471729 NaN 10.358414545595787 NaN -2.985156641773603 NaN 8.22355887102077 NaN 0.6191070325445721 NaN -0.8974929979585091 NaN 2.432009251871736 NaN 1.1653575832787753 NaN 3.6775587380450054 NaN 5.201178667994605 NaN
4.449999999999927 -2.764821266240425 NaN 1.8880031056536315 NaN 7.007898473769972 NaN 5.037316879659327 NaN 5.009531863493284 NaN -4.35289367563734 NaN 8.782539874639738 NaN -0.1448353726343448 NaN 2.1156839447232874 NaN -0.07494717291502793 NaN 4.219282784288027 NaN 9.6222859697321 NaN -2.5074437926182935 NaN 8.336782994420034 NaN 1.9733257071110053 NaN -0.6981628691703777 NaN 2.2196108749799093 NaN 0.6838653556506731 NaN 5.20867218952999 NaN 4.558898229695335 NaN
4.499999999999926 -2.019056509931261 NaN 2.4566099543474347 NaN 5.678469022835239 NaN 5.166593430174456 NaN 5.228573759072083 NaN -5.030664234289005 NaN 9.139385427364719 NaN 0.056505849616463016 NaN 1.8165854352515869 NaN -0.865196497100753 NaN 5.870923843615603 NaN 8.305109391760224 NaN -1.8954457356537726 NaN 8.598219501602953 NaN 3.257607049701063 NaN -0.6114300197133096 NaN 2.1269684035650305 NaN 0.9602497900934449 NaN 6.086187139176846 NaN 3.806757928583142 NaN
4.549999999999925 -1.1280228451804108 NaN 3.0957097449510407 NaN 5.050389652702067 NaN 5.366300093570635 NaN 3.9697148934887174 NaN -4.6722815722925874 NaN 9.631525005992842 NaN 0.26089914981497564 NaN 1.3080081153699443 NaN -1.1747828159323506 NaN 8.43093072492458 NaN 6.26747159033501 NaN -0.6872036197270155 NaN 8.650502157433225 NaN 4.627008420741995 NaN -0.22985715344921484 NaN 1.80405432380871 NaN 0.36197844688770453 NaN 6.340605559308392 NaN 3.4261314193752788 NaN
4.599999999999924 -0.6228099521747463 NaN 3.2188511623979137 NaN 3.595383438997048 NaN 5.404177237241726 NaN 1.9633373878163474 NaN -4.040836184557185 NaN 9.239376782642793 NaN 0.19401731395673041 NaN 0.4438306650391133 NaN -2.1058801299305356 NaN 10.558241769643281 NaN 4.269639990251872 NaN 0.48956408741250507 NaN 8.024214842552206 NaN 4.9654323815127315 NaN -0.010431860896138734 NaN 1.2779136397605857 NaN -0.03463848797654956 NaN 6.042119198475696 NaN 3.560871096180302 NaN
4.649999999999923 0.34044116824063547 NaN 3.7856531683687122 NaN 2.448080906187582 NaN 4.480941762309956 NaN -0.8332065709060368 NaN -3.1007398930741705 NaN 7.801733355897122 NaN -0.040548490382876945 NaN 0.12399064477848476 NaN -2.480575290027147 NaN 11.732543277757538 NaN 3.2774782631332497 NaN 1.0481868796658895 NaN 8.759533182377034 NaN 4.724212715795356 NaN 0.276989474272745 NaN 1.3285380079742655 NaN -0.2866825658971889 NaN 5.573922196061215 NaN 4.310719731201602 NaN
4.699999999999922 0.7903767089887099 NaN 4.557213849587932 NaN 1.0630687178933589 NaN 4.1143556799602194 NaN -2.8900657516000963 NaN -2.3513746188612648 NaN 6.63111963582539 NaN 0.23117471470145123 NaN -0.12290430491966722 NaN -2.4609150310062824 NaN 12.424538096742351 NaN 2.967523443823048 NaN 1.4053531570522733 NaN 8.464025441330428 NaN 4.545135910776413 NaN 1.5433996026662598 NaN 0.644839036684375 NaN -0.6333736604335531 NaN 5.177140257863588 NaN 5.530881355398714 NaN
4.749999999999921 1.2072508370787736 NaN 5.004476709344212 NaN -0.4870063693645016 NaN 4.202579725017231 NaN -3.282763192405135 NaN -1.872793293629829 NaN 5.004065517927221 NaN 0.6582626410235373 NaN -0.41459466104312875 NaN -2.146853672693506 NaN 12.629575269601474 NaN 3.0694533598490534 NaN 1.3074541050724944 NaN 8.60244213343927 NaN 3.4783510092284815 NaN 1.3411290198019208 NaN 0.027170071320992875 NaN -1.1520322387630715 NaN 4.4424602041536 NaN 6.011296399338729 NaN
4.79999999999992 0.937513291014728 NaN 5.872172590238124 NaN -2.184203531800922 NaN 4.090029556716504 NaN -3.3046994113584613 NaN -1.2998363521659044 NaN 3.90524896583786 NaN 1.2138899254948008 NaN -0.7239218699068003 NaN -2.08303754959988 NaN 12.608819344731884 NaN 3.0480691116893954 NaN 1.1662842913519171 NaN 8.642065773616698 NaN 2.8900600516954498 NaN 1.7451687947797483 NaN -0.7750361046690324 NaN -1.5515294265668538 NaN 4.050279477098092 NaN 6.651748587897645 NaN
4.849999999999919 0.7881485125833575 NaN 6.452925411375052 NaN -2.9491230857456068 NaN 4.718776681492157 NaN -1.8280067112150973 NaN -1.2274860800862413 NaN 2.7035701855672114 NaN 2.565064591130537 NaN -0.9296804178813066 NaN -1.2146939268089731 NaN 12.947954084804389 NaN 1.815537384135321 NaN 1.002914709546864 NaN 8.708379600599724 NaN 3.0472376111217643 NaN 2.384749768040985 NaN -0.7278633559021508 NaN -1.0636042569428406 NaN 3.881364504054214 NaN 6.527856258127722 NaN
4.899999999999918 0.22380336212095658 NaN 7.110352454629798 NaN -3.3410908273983924 NaN 4.960176130855687 NaN -0.9768663279750952 NaN -1.128034222705922 NaN 2.302252545367262 NaN 3.7595465616013812 NaN -1.0923050918226096 NaN -0.6025619458247349 NaN 12.552003511739679 NaN 0.8528628853134922 NaN 1.4188952583806194 NaN 7.627259576016743 NaN 3.4407663150264627 NaN 3.1108221149498654 NaN -1.3956820210472176 NaN -0.6991012853430733 NaN 3.384270878789307 NaN 6.720115331419623 NaN
4.949999999999917 -0.008084995279915463 NaN 7.095335852460853 NaN -3.1638646828064854 NaN 5.317089219989562 NaN -0.165019112157042 NaN -0.584280872422901 NaN 1.3376661927049185 NaN 4.479075092261839 NaN -0.7333517985380484 NaN -0.5834596949328589 NaN 12.52737205210993 NaN -0.6782150692671844 NaN 1.4677697305490571 NaN 6.520914809320064 NaN 3.752739317203406 NaN 3.5896097607957222 NaN -1.4267926596323768 NaN 0.18903070823480342 NaN 3.013750907358423 NaN 6.340128561512132 NaN
4.999999999999916 -0.7544395629387467 NaN 7.304565556093622 NaN -2.1966802028099206 NaN 5.2980918621177455 NaN 1.206570053687509 NaN -0.43539933800604813 NaN 1.7395564327653608 NaN 4.215777856379883 NaN -0.8059320594297307 NaN 0.6179382304112169 NaN 12.425738988405254 NaN -1.3921541091079148 NaN 2.0200153388013278 NaN 4.849273008660335 NaN 4.3832633459757355 NaN 3.9899141229884703 NaN -1.6299532885766963 NaN 1.5817458005109561 NaN 2.119269981911416 NaN 5.998325201797417 NaN
5.049999999999915 -0.894620392830692 NaN 6.7538821133948606 NaN -1.1216918062515095 NaN 5.252266047767622 NaN 1.9078018246337343 NaN -0.8794424263891844 NaN 1.654079422181888 NaN 3.109156734490941 NaN 0.15311178805211367 NaN 0.5852955317787631 NaN 12.088589298154904 NaN -1.6261158221244272 NaN 2.1754904125593297 NaN 3.568747040434026 NaN 4.223277776336927 NaN 4.15383694000146 NaN -1.3580356024946978 NaN 2.749154748749607 NaN 1.3754216875096852 NaN 5.83042089790642 NaN
5.0999999999999135 -1.0938390791557142 NaN 6.632984897652123 NaN 0.7554148815440834 NaN 5.342225242075112 NaN 2.4341403368677503 NaN -0.7865742812609645 NaN 2.1457339053568143 NaN 0.9478640980199408 NaN 0.3283271506413999 NaN 0.9185739095230687 NaN 11.499539951980807 NaN -1.0936917654703808 NaN 2.921397538979403 NaN 1.0685671143400441 NaN 3.577546597276741 NaN 3.8635498115567026 NaN -1.0993895822719522 NaN 3.964091512292284 NaN -0.1712994585114759 NaN 5.483910876481923 NaN
5.149999999999912 -1.5167147548926119 NaN 5.89610990919961 NaN 2.225551905928957 NaN 5.452232964568239 NaN 2.388931552463876 NaN -0.6016190122197147 NaN 3.110434562533661 NaN -0.8629844436692757 NaN 0.7039748311067354 NaN 1.511164591601678 NaN 11.304097751428396 NaN 0.3142396684744542 NaN 3.3770173409160544 NaN -1.6223538507509203 NaN 2.6087217889300742 NaN 2.9962360962058425 NaN -0.8986959935828626 NaN 5.294814874438736 NaN -1.5471760446766694 NaN 5.567052278457496 NaN
5.199999999999911 -1.1167791027408378 NaN 5.604912927443411 NaN 2.9479729715617435 NaN 6.142031813147494 NaN 1.4425572757333895 NaN -0.5913807149035637 NaN 3.882054944621954 NaN -2.8926608696986817 NaN 0.8893693992379926 NaN 2.6279032527635056 NaN 10.551275010711237 NaN 2.1619605536901667 NaN 3.9290569069925017 NaN -3.120289355546311 NaN 1.9799630902233862 NaN 2.287152502266858 NaN -0.22910957870245752 NaN 6.191417948494431 NaN -2.845506314313611 NaN 5.340129975286406 NaN
5.24999999999991 -0.9996150265940121 NaN 5.078723315830373 NaN 3.7937453041710913 NaN 7.2547087900556795 NaN 0.7060611007137544 NaN 0.17432578365339158 NaN 4.840329026496171 NaN -3.9388262697324574 NaN 0.8015791362495603 NaN 3.167629760926656 NaN 8.935792641829767 NaN 3.3400655041859317 NaN 4.686158980085899 NaN -4.0928195256356945 NaN 1.585465679589715 NaN 1.5117468428784344 NaN 0.1594853210286772 NaN 6.776672565202381 NaN -3.77799328754543 NaN 5.626666254161334 NaN
5.299999999999909 -0.621697686466019 NaN 4.563069795032722 NaN 3.9282675827137936 NaN 8.24283505390682 NaN -0.7903653991709005 NaN 0.9293976420785977 NaN 5.711102032027288 NaN -4.604036107786575 NaN 2.013259131992487 NaN 4.2793373837951085 NaN 6.895783830818344 NaN 4.7343123231349376 NaN 4.9787099345354555 NaN -4.877907834206002 NaN 2.6666989433796062 NaN 0.04286610822244813 NaN 0.34639656193946333 NaN 7.438908535411299 NaN -3.9477116626611477 NaN 5.895605356323223 NaN
5.349999999999908 -0.9831290599926342 NaN 4.602921891914303 NaN 3.7453830455002723 NaN 8.578413724667959 NaN -1.3712674121883768 NaN 1.4657653339819907 NaN 6.163449309042911 NaN -4.586921122301001 NaN 3.7475057892214396 NaN 4.821138983958066 NaN 4.5811524962182 NaN 4.806392141124233 NaN 5.201471029196311 NaN -4.959456463275148 NaN 4.496025415990459 NaN -1.3702327342406184 NaN 0.7719252376521032 NaN 7.113880559099281 NaN -3.341290067015821 NaN 6.153626814531031 NaN
5.399999999999907 -0.5630404460909784 NaN 3.823274877453129 NaN 2.803941793702127 NaN 6.507021931225721 NaN -0.9176381396427103 NaN 2.6932328208090763 NaN 6.657092323447828 NaN -4.296004338480529 NaN 5.308326826850063 NaN 5.700971536008726 NaN 1.7904291062379227 NaN 4.092240674331941 NaN 4.0471095227664176 NaN -4.603461924763291 NaN 5.752005394499824 NaN -2.4418400708806494 NaN 0.8732998928780495 NaN 7.024254187505422 NaN -1.920073117393962 NaN 5.489014616213351 NaN
5.449999999999906 -0.08770467670732116 NaN 3.5788982381370267 NaN 1.998890812488463 NaN 3.9160440325975374 NaN -0.20485064115873583 NaN 3.661567612301336 NaN 6.317604717083923 NaN -3.9713481163166757 NaN 7.175151320716934 NaN 5.522366094531335 NaN 0.2758934779855571 NaN 2.910098462797905 NaN 2.2437419432736436 NaN -3.678466659646728 NaN 6.1727691925103025 NaN -3.66879785875398 NaN 2.132624217032238 NaN 5.7105239737850875 NaN -0.2686372248264203 NaN 4.843113463749629 NaN
5.499999999999905 0.39996568895673656 NaN 2.8417328980351653 NaN 1.1611238203979606 NaN 0.23753715749321966 NaN -0.22430154467612706 NaN 4.813580754678311 NaN 4.990859205490096 NaN -3.4408689942313715 NaN 7.980752974507767 NaN 4.775222849710273 NaN -1.13325220453725 NaN 2.3186434137799585 NaN 0.39106662460707 NaN -3.0918364883387928 NaN 6.044317817472263 NaN -4.732580265238322 NaN 3.582497652453212 NaN 3.935108340666492 NaN 1.431104454558856 NaN 4.893275154357446 NaN
5.549999999999904 1.087727318206322 NaN 1.8818154670190437 NaN 0.04604675286177767 NaN -2.047365236442275 NaN -1.1446276367732262 NaN 5.9808463319284435 NaN 3.8659481475269053 NaN -2.3490166158376935 NaN 8.435862939451864 NaN 2.7778057407338523 NaN -2.1000101870706107 NaN 1.4746742835219682 NaN -0.8371780502724957 NaN -2.426604510572848 NaN 6.324636811474254 NaN -4.291403952789152 NaN 4.885488147148836 NaN 1.9433849971551027 NaN 2.7188677166846755 NaN 5.40820902293571 NaN
5.599999999999903 1.2984593463880016 NaN 1.0233371519367205 NaN -0.9802611882987923 NaN -2.842375763225848 NaN -1.4340311290857493 NaN 6.880507845502304 NaN 2.2356856524097255 NaN -1.2328690564408087 NaN 8.247842893251809 NaN 0.4015727792641862 NaN -1.7461922814083883 NaN 1.0843795530347122 NaN -1.1134611875245761 NaN -1.8550465784850438 NaN 5.66926395362632 NaN -4.0696749684542635 NaN 6.792084892520765 NaN 0.12003141947005547 NaN 2.579396074123598 NaN 5.7216182341565265 NaN
5.649999999999902 1.601848201464574 NaN 0.618816079738047 NaN -1.7403345780063355 NaN -1.6053318746094813 NaN -1.0781379204516595 NaN 8.126785957817164 NaN 0.06784391522937827 NaN -0.5900947743837526 NaN 7.9257157032703685 NaN -1.9919984671361273 NaN -1.0567282519912666 NaN 1.052560542753513 NaN -1.0986116375364878 NaN -1.1431695986441235 NaN 5.113052474614237 NaN -4.120295445968821 NaN 8.155014097774535 NaN -1.6923985696923514 NaN 1.9790298007340144 NaN 6.621159053907701 NaN
5.699999999999901 1.0601925268536796 NaN 0.06480700000459005 NaN -2.6766613963640116 NaN 0.7472342767527395 NaN -0.36741518275870183 NaN 8.555997061961111 NaN -1.0825487982058586 NaN -0.2716852367541636 NaN 7.761370122230434 NaN -3.729206822626727 NaN -0.19370447690893208 NaN 1.3471752485661894 NaN -0.41012861566567327 NaN -1.094199224082427 NaN 5.176851891398214 NaN -3.8073335601660334 NaN 9.065037193662524 NaN -2.9331573508494273 NaN 1.0597224262206986 NaN 7.033863829880612 NaN
5.7499999999999 1.186053208417118 NaN -0.647875549910685 NaN -3.5142279911127443 NaN 2.6225070846347727 NaN -0.1918664481433186 NaN 9.14147112025722 NaN -1.0571506505994956 NaN -0.039127631818869774 NaN 7.699274552972541 NaN -3.761429741006306 NaN 1.1488687889994136 NaN 1.7529290430364408 NaN -0.1011364403558595 NaN -0.5178632519719075 NaN 4.911771859235836 NaN -3.9490766079509645 NaN 9.337528696931882 NaN -2.2391599506442468 NaN 0.8287183287084332 NaN 8.388295526453994 NaN
5.799999999999899 0.2985129347217612 NaN -0.35707654533564737 NaN -3.432057030814539 NaN 4.92522315830135 NaN 0.4231041411931484 NaN 8.92716330950316 NaN -0.5988047601195384 NaN 0.15876548011583846 NaN 7.2957487938615415 NaN -3.9549511258964682 NaN 2.7557832308704144 NaN 1.7211553595799471 NaN 0.4899486006666467 NaN -0.3621214924228023 NaN 5.114165491173234 NaN -3.630667179527656 NaN 9.596518000918655 NaN -1.3751498197026981 NaN 0.2864220033717272 NaN 8.97748335189011 NaN
5.8499999999998975 0.8040398639083516 NaN -0.5313086329997521 NaN -3.217497735793364 NaN 6.16363237008198 NaN 0.9487812751683219 NaN 8.223721707159742 NaN 0.712781772360809 NaN 0.7750229243270484 NaN 7.501506354098104 NaN -3.641211284849049 NaN 4.009836069583402 NaN 2.3631662360327415 NaN 1.1339151305444015 NaN 0.0380735744083799 NaN 5.197089775326015 NaN -4.030490123258972 NaN 9.045625752335678 NaN -0.3057469476344664 NaN 0.7134623259589259 NaN 9.323758002866754 NaN
5.899999999999896 1.3953030456438775 NaN -0.08555900738880509 NaN -2.780037710109625 NaN 5.51809807572406 NaN 1.2202509144468656 NaN 6.965771540434444 NaN 2.4979781873103724 NaN 1.0976297597677724 NaN 7.694984802347566 NaN -3.481371938548554 NaN 5.325474207438905 NaN 2.471742106889933 NaN 1.3198341565600131 NaN 0.49886450656372205 NaN 5.263582615076962 NaN -3.5010187744974033 NaN 9.266100776956804 NaN 0.047363996078256754 NaN -0.10318199349498677 NaN 8.406001913045898 NaN
5.949999999999895 1.7368138167064497 NaN 0.011845524974948979 NaN -2.2959230209413364 NaN 5.269321720142473 NaN 1.8302647773372587 NaN 6.193908987896687 NaN 3.745359739260311 NaN 1.3262722264508235 NaN 8.016849358154708 NaN -2.776671405764514 NaN 5.921946835590421 NaN 3.1093296018377288 NaN 0.8146190666664933 NaN 0.37266059617873704 NaN 5.487703365977403 NaN -3.412080126450198 NaN 8.738665296266243 NaN 0.17978438219337523 NaN 0.1364232807916024 NaN 7.584559233023169 NaN
5.999999999999894 2.6864935828407366 NaN -0.24640650107415424 NaN -1.5862454990412866 NaN 4.538110572066678 NaN 1.3504244571112713 NaN 4.088938375934514 NaN 4.363192651491594 NaN 1.499174834903651 NaN 7.93709407425001 NaN -2.493798018452061 NaN 6.601815547311901 NaN 3.079463825862007 NaN 0.8190546158203943 NaN 0.998782414567692 NaN 5.427605852373558 NaN -2.682214559344242 NaN 8.23807088208677 NaN 0.04659230841703926 NaN 0.43596604094834224 NaN 6.002325399621758 NaN
6.049999999999893 2.5263050925607704 NaN -0.23371211496344513 NaN -0.5198795787895379 NaN 3.2048210748914974 NaN 1.1815565324494655 NaN 2.094649346062856 NaN 4.663203258363633 NaN 1.1444312252303859 NaN 7.3574501608402505 NaN -1.8137758966124595 NaN 6.795265132875377 NaN 3.154298653997464 NaN 0.37990150257569455 NaN 1.3502911286027273 NaN 5.46659531635491 NaN -1.6139847962289686 NaN 7.032381379406035 NaN -0.934314434360148 NaN 1.1335709539223142 NaN 4.396649236912122 NaN
6.099999999999892 1.6906548563406838 NaN 0.03131943276020622 NaN 0.18726757144010744 NaN 1.893027848270762 NaN 0.11727483480368595 NaN 0.8649982601283617 NaN 4.423395582775247 NaN 1.7497379523992163 NaN 6.578169502394817 NaN -0.6871959467561455 NaN 6.627136055786006 NaN 2.5955986718928408 NaN 0.21201350451138695 NaN 1.8387132505909145 NaN 5.251080045333852 NaN -0.42112415870762476 NaN 6.239824450188782 NaN -1.6858786886422799 NaN 1.4480049929576657 NaN 2.0966683625421227 NaN
6.149999999999891 0.37086101406039984 NaN 0.7593107694804692 NaN 0.8679614519643477 NaN 0.12040421988465383 NaN -1.6834374860101342 NaN 0.7576698911933801 NaN 3.8082043781713057 NaN 2.052617007024814 NaN 5.421025630802434 NaN -0.09077670182116294 NaN 6.575036155033426 NaN 3.052771277030539 NaN 0.2490258403820899 NaN 2.1674014037937783 NaN 5.131429519410398 NaN 0.12521975137668345 NaN 5.0661642937856035 NaN -2.6677676359760447 NaN 2.5938734969170434 NaN -0.4801344654563153 NaN
6.19999999999989 -1.3596340534217826 NaN 1.767189035618117 NaN 1.6393425299406759 NaN -1.3028558354126152 NaN -3.1554272200545674 NaN 0.7201449322678489 NaN 3.1261458411507865 NaN 2.9752384278583177 NaN 4.160000808758226 NaN 0.259827261829937 NaN 6.492271655244868 NaN 2.9788426421961574 NaN 0.20063350733040208 NaN 3.215336400121116 NaN 4.262769698751175 NaN 1.398785595651361 NaN 5.216579759657646 NaN -2.539275829693155 NaN 3.7878317235955112 NaN -2.083070071229563 NaN
6.249999999999889 -2.491044887082172 NaN 2.979022324219007 NaN 2.4824580396863962 NaN -2.5857533196595353 NaN -3.8272228028628223 NaN 1.3687684421869664 NaN 2.340630040367977 NaN 3.326115978107849 NaN 2.5533999878926212 NaN 0.3967590074625749 NaN 5.914722165120347 NaN 2.8224900316620634 NaN 0.13187688990690147 NaN 3.772357724142406 NaN 3.447805051527175 NaN 1.9878511751468144 NaN 4.666770302667611 NaN -2.935062595616488 NaN 5.087673626881227 NaN -4.432965604488006 NaN
6.299999999999888 -1.990344661272211 NaN 4.856554091511953 NaN 3.1137663194096095 NaN -3.184901108787144 NaN -4.439853297070216 NaN 2.278392864465274 NaN 2.320345834428708 NaN 3.939086831002648 NaN 1.9126872034278926 NaN 0.5010398236230361 NaN 5.626588748223045 NaN 2.887553125636928 NaN 0.46879456000624836 NaN 4.5503705000148695 NaN 2.305221614123252 NaN 3.0050888553400292 NaN 5.022457154915319 NaN -2.885317458571289 NaN 6.377891307505275 NaN -5.291697908170849 NaN
6.349999999999887 -1.4482290188096532 NaN 5.656764933683946 NaN 3.0083788373813856 NaN -3.637267231276745 NaN -3.699769785818019 NaN 3.06886729125394 NaN 2.0689216846606815 NaN 4.150098694271021 NaN 1.0490034522404847 NaN 0.2587233561669923 NaN 5.346701971264204 NaN 2.7876556621787554 NaN 1.1529357138906058 NaN 5.32292350046006 NaN 1.6326420037453473 NaN 3.373950201280478 NaN 5.375743524237336 NaN -2.792838782922451 NaN 7.066957081597591 NaN -5.247664107427582 NaN
6.399999999999886 0.4858404623907364 NaN 5.749268742770442 NaN 3.404694031124387 NaN -3.2323751895353325 NaN -2.308064928408439 NaN 3.1884581056556844 NaN 1.4038764795751337 NaN 3.9216116697936547 NaN 1.232536139847799 NaN -0.5088171905211105 NaN 4.777856622618889 NaN 2.43307884623176 NaN 1.3622210369622068 NaN 5.242252330672263 NaN 0.36520661042265246 NaN 3.161695518849347 NaN 5.284626868891794 NaN -2.952730419110559 NaN 7.308513295889235 NaN -4.360327787741049 NaN
6.449999999999885 1.8808098899797736 NaN 5.479945530053802 NaN 3.5585742146281567 NaN -2.77578698937783 NaN -0.2787756204900904 NaN 3.6706324651797564 NaN 0.8531427232450675 NaN 3.26124229296176 NaN 2.1248166335632064 NaN -0.7424426730001952 NaN 4.904334617132773 NaN 2.4209936044083573 NaN 1.5944101641807067 NaN 6.066576161152385 NaN -0.45289961042710647 NaN 3.326677792226484 NaN 5.331573767925626 NaN -2.7337536808833987 NaN 7.313734169744447 NaN -3.4970244408859155 NaN
6.499999999999884 3.213813869277693 NaN 4.528646992718056 NaN 3.7417864266388885 NaN -1.9465943945683652 NaN 1.8058194071412375 NaN 3.3011079772225083 NaN 0.5594938835749272 NaN 2.144681634011609 NaN 2.8255943303525273 NaN -0.531015156806687 NaN 4.389344310439836 NaN 1.7452814428665417 NaN 2.3777442888838465 NaN 5.93778986667571 NaN -0.936262815017051 NaN 3.5608246908614514 NaN 4.748052242902299 NaN -2.4486266720104024 NaN 7.752306271535933 NaN -2.067421685496432 NaN
6.549999999999883 3.8808694482737796 NaN 3.0669525769039683 NaN 3.9772864634915375 NaN -1.337827241911573 NaN 3.5642348554990333 NaN 2.041934139347027 NaN 0.11846562587705065 NaN 1.4048209183349394 NaN 3.000892632797031 NaN -0.2887434774825181 NaN 3.9887500484322747 NaN 1.0732017285487887 NaN 3.214820043942885 NaN 6.673399335818796 NaN -0.9430460101987244 NaN 3.918617477209179 NaN 3.14237754952065 NaN -1.1046393101061263 NaN 7.574334081122008 NaN -0.6407748595304018 NaN
6.5999999999998815 4.648601026378788 NaN 1.2435769175665121 NaN 4.248023009854929 NaN -1.471973990034753 NaN 5.156083765942496 NaN 0.6620040987367741 NaN -0.4378741524337135 NaN 1.2416564621561268 NaN 3.5535462531552695 NaN -0.10877519196567578 NaN 3.2181028370905658 NaN 0.10574656930031055 NaN 4.288754076358989 NaN 6.0750483051301805 NaN -1.2458191798798883 NaN 4.175482046072538 NaN 1.7902677977902681 NaN -0.7821268011693719 NaN 7.51313383578921 NaN 0.8815745120911285 NaN
6.6499999999998805 5.035931393840097 NaN -0.6449943647428298 NaN 3.9592746866958413 NaN -0.22376231157382476 NaN 6.466073047797889 NaN -0.23389758526777532 NaN -1.2801584523152243 NaN 0.7997167099169543 NaN 3.834800059791942 NaN 0.2792139213972361 NaN 2.2806553941069247 NaN -1.055141451257243 NaN 5.242326556048927 NaN 6.005266010371865 NaN -1.1159081526844636 NaN 4.95351462027898 NaN -0.252831852795033 NaN -0.5256132399266926 NaN 7.348410662960186 NaN 2.3750715242708687 NaN
6.699999999999879 5.965655244859549 NaN -2.119205259805784 NaN 3.985774116525491 NaN 0.0019977413681352973 NaN 7.005322930098908 NaN -1.2527844186051809 NaN -1.696276512685611 NaN 1.389268784400983 NaN 4.011576648048191 NaN 0.6187732288078169 NaN 1.6602331767230498 NaN -2.0430546777516354 NaN 6.125505685962627 NaN 6.517968647324291 NaN -1.2151660919867848 NaN 5.000689141384553 NaN -1.9142859213338261 NaN -0.24793801308389418 NaN 7.317668076296772 NaN 2.800829324316771 NaN
6.749999999999878 6.771070013246867 NaN -3.3187141259162747 NaN 4.604260148644616 NaN 0.8945940079307575 NaN 7.2170671759159415 NaN -0.7583345529066909 NaN -1.3983941743804034 NaN 1.5278603613610984 NaN 4.085544404914785 NaN 1.0687586550929584 NaN 0.6839550186069301 NaN -3.3323570963787446 NaN 6.942719882107117 NaN 6.558431028576758 NaN -1.0358538580669845 NaN 6.091886194285386 NaN -3.4372595418600795 NaN 0.30811076569099094 NaN 7.116803842047958 NaN 3.517864025788323 NaN
6.799999999999877 6.696525236573027 NaN -3.2332492467975515 NaN 5.036289254927862 NaN 1.4655755286890264 NaN 6.409554131945029 NaN 0.10542542216658671 NaN -0.8966782970468824 NaN 1.9468744563942737 NaN 4.650838909262932 NaN 1.7375387561731048 NaN -0.6407500203905591 NaN -3.8198827300453537 NaN 8.389444126786383 NaN 6.989316067163341 NaN -0.6607489969643611 NaN 6.013521191279251 NaN -3.829180456302252 NaN 0.6338344189817511 NaN 7.351072256266645 NaN 3.614162560332466 NaN
6.849999999999876 5.009201443070624 NaN -2.6172783369668227 NaN 4.736670899650124 NaN 1.8405271782575008 NaN 5.55339321766364 NaN 0.9309476252015687 NaN -0.6737434070232302 NaN 2.0879388481723384 NaN 4.717628903240632 NaN 2.3348522943221184 NaN -1.5214450732509994 NaN -4.458012130345235 NaN 9.035031709922134 NaN 7.263397937124311 NaN -0.9014168781311844 NaN 6.268145425181723 NaN -4.083840490436046 NaN 1.9082601368546244 NaN 7.264246001526945 NaN 3.9369500454582798 NaN
6.899999999999875 2.827443577603988 NaN -1.641320367242745 NaN 4.840624390159733 NaN 2.6330541260924525 NaN 4.146756292290131 NaN 1.875347376442286 NaN -0.18645837047355945 NaN 2.2978057792330793 NaN 4.406601782297293 NaN 2.922992132072041 NaN -2.2345082071627234 NaN -4.280094501573672 NaN 9.868879227832446 NaN 7.2175717123826955 NaN -1.0917547611195189 NaN 6.861566124251458 NaN -3.8846086862458047 NaN 2.7981079011643377 NaN 7.728985589181635 NaN 4.006784286308945 NaN
6.949999999999874 0.9124684675780403 NaN -0.9327759363259335 NaN 4.9583932635474826 NaN 3.0000589359020085 NaN 2.7900469673787587 NaN 2.814276132194944 NaN 0.7155225674916702 NaN 1.6893248664023444 NaN 4.445420960895476 NaN 3.335133739733849 NaN -2.370085766292244 NaN -3.4624541458393434 NaN 10.633159360702075 NaN 5.401453167057447 NaN -1.1241751940979336 NaN 7.02567819927416 NaN -3.729564391452466 NaN 3.6203484447781147 NaN 7.6495041789659775 NaN 4.049125384824482 NaN
6.999999999999873 -1.4820418582166188 NaN -0.4721487739228722 NaN 5.050080553555354 NaN 3.0937953280597132 NaN 1.311003014798928 NaN 2.9809075238651395 NaN 1.2783030380083005 NaN 0.968015788411129 NaN 4.21345859675898 NaN 2.9527756148640836 NaN -2.1986074258200703 NaN -2.955029309512231 NaN 10.489052448901923 NaN 2.9509486364747657 NaN -0.41271519680175395 NaN 6.913769338102911 NaN -2.737829432861736 NaN 4.887838710034037 NaN 7.372085334951892 NaN 4.44593776504256 NaN
7.049999999999872 -2.9157749153885133 NaN -0.33279169748313786 NaN 5.080451630755556 NaN 3.068183110095793 NaN 0.481027342835033 NaN 2.9994862319061415 NaN 2.531355040192806 NaN 0.3803971097041918 NaN 4.125175252247155 NaN 2.4284363380411547 NaN -1.6962415118915253 NaN -2.208990622517667 NaN 9.87696767665005 NaN -1.0796854147565784 NaN -0.42125556569065353 NaN 7.150611681836936 NaN -1.9800617594402876 NaN 5.382667645034247 NaN 6.489273576716091 NaN 4.420939587906389 NaN
7.099999999999871 -3.832787718953463 NaN -0.05196897697383196 NaN 5.293479725780128 NaN 2.257291093849159 NaN 0.143393651349926 NaN 2.4487675660651194 NaN 3.5050586725329924 NaN -0.5550213803181927 NaN 4.073004799377767 NaN 1.6773132182812789 NaN -1.1907436944256862 NaN -1.7995025374584759 NaN 9.485378377555266 NaN -3.977013417652216 NaN 0.6688362850639529 NaN 6.952231376445072 NaN -0.44967853682624287 NaN 6.075430194060931 NaN 5.173842750596453 NaN 4.510338235345243 NaN
7.14999999999987 -3.940690433797213 NaN 0.8817779701409876 NaN 5.418189356493828 NaN 1.2181949706195314 NaN -0.06681472394930701 NaN 2.84847751149222 NaN 4.971114215618899 NaN -1.9425624879692427 NaN 4.288063632533552 NaN 1.3363700302989587 NaN -0.8150067666640165 NaN -1.0827717320609014 NaN 8.653604748127046 NaN -5.461428718357809 NaN 1.2972898427436586 NaN 6.304767833239581 NaN 0.4852139253537763 NaN 6.645703727364631 NaN 3.4282410036958746 NaN 4.589566145755928 NaN
7.199999999999869 -3.94528362404059 NaN 1.4488517587331384 NaN 6.2836982676300925 NaN -0.4987736286418496 NaN 0.27974562892452864 NaN 2.4243513544039796 NaN 5.91387635085452 NaN -2.866453580383279 NaN 4.772140098417051 NaN -0.09767756538469227 NaN -0.16577774441508764 NaN -0.9200933548176449 NaN 8.565403730701114 NaN -6.3555135163472665 NaN 2.9160671549197525 NaN 6.165330155800637 NaN 1.6366001011775073 NaN 7.4912332197318685 NaN 0.7124254372078056 NaN 5.150149114458222 NaN
7.249999999999868 -3.6559802924880542 NaN 2.267626102817251 NaN 6.597292253400244 NaN -1.6702108031770655 NaN 0.6761426441280926 NaN 2.440319847230616 NaN 6.529484118249323 NaN -2.5049306743657764 NaN 5.527757153758847 NaN -1.4674563272399066 NaN 0.7679970535308742 NaN -0.8152098272276305 NaN 8.038901202135133 NaN -5.918219814946311 NaN 4.7530915036394665 NaN 5.141449659034564 NaN 1.9111247288720903 NaN 8.54382523198516 NaN -1.6557910358662495 NaN 5.398214844519796 NaN
7.299999999999867 -3.1652601724008917 NaN 3.194987045420928 NaN 7.624105381782521 NaN -2.61953548854524 NaN 1.2396730570369305 NaN 2.47972330374694 NaN 5.637260376447156 NaN -2.5036445084724375 NaN 5.440491001347254 NaN -2.177217375408594 NaN 1.4244437992736942 NaN -0.609028248532658 NaN 8.013371241333457 NaN -5.427501684505795 NaN 6.406724282728058 NaN 3.5879266126546643 NaN 2.3753198288281427 NaN 9.182390329897832 NaN -3.7127644459074043 NaN 5.415904745828549 NaN
7.3499999999998655 -2.673469288863169 NaN 4.1378320256798835 NaN 7.973024185037114 NaN -2.8757039646530886 NaN 1.9376694500662872 NaN 2.682915149778144 NaN 3.237606706349045 NaN -1.4952425691025775 NaN 6.008982429193678 NaN -2.843765269741741 NaN 2.8151020417021333 NaN -0.5675711318067409 NaN 8.21599584793826 NaN -4.6341245264851825 NaN 7.2474492872437635 NaN 1.4561919148127442 NaN 2.4689199340147723 NaN 9.147217415914566 NaN -3.932767713281728 NaN 6.1907568701233195 NaN
7.3999999999998645 -2.1507302284082184 NaN 4.891491503198658 NaN 7.6370407776784415 NaN -2.8172874756961876 NaN 3.241303535555021 NaN 2.7032797086539984 NaN 0.7700663535410831 NaN -0.5698121739310309 NaN 6.006833885761967 NaN -2.1648868178060092 NaN 4.178555043900099 NaN -1.3043478971901337 NaN 8.233632427763117 NaN -3.1839042888526667 NaN 7.33259493938709 NaN -0.2711119701961781 NaN 1.813904674859754 NaN 7.958554354755116 NaN -3.084202735403732 NaN 6.473887906486482 NaN
7.449999999999863 -1.3330645815758952 NaN 5.809222030891486 NaN 5.574993285844325 NaN -2.441282159092195 NaN 4.177894499424084 NaN 3.123627010877174 NaN -1.7030136977884038 NaN -0.3045468653147768 NaN 6.21681165138258 NaN -2.6261906611569366 NaN 5.230174625841465 NaN -0.9893366747556095 NaN 8.114158334604245 NaN -0.9911993359872859 NaN 6.713381713239673 NaN -2.4207317160152497 NaN 1.7218503109951877 NaN 5.254503033112783 NaN -0.41967680945311314 NaN 6.269522286369517 NaN
7.499999999999862 -0.20423781790371262 NaN 6.756511100951668 NaN 3.010369530493914 NaN -2.116843091893401 NaN 4.640174589216371 NaN 3.6892862821414623 NaN -4.080923464850558 NaN -0.23754575913297402 NaN 6.018647380120994 NaN -2.4780496426659058 NaN 6.405278648012371 NaN -0.7431780845431194 NaN 8.33069932781464 NaN 0.5847449498196233 NaN 6.378596305179488 NaN -3.552516799746126 NaN 1.5400440388687042 NaN 1.671943520606579 NaN 1.0334877618097922 NaN 6.503400645586447 NaN
7.549999999999861 0.20451874780376372 NaN 7.0118731976407975 NaN -0.7899746101240109 NaN -1.7992180224401726 NaN 5.327963546434741 NaN 3.9806513412034032 NaN -4.391724152255519 NaN 0.31650329206840633 NaN 6.502822020567426 NaN -2.138025493669888 NaN 6.707213134794845 NaN -0.7319109150633066 NaN 8.246088084733941 NaN 1.437293197985245 NaN 6.244454668536087 NaN -4.266048459856969 NaN 2.1514255022874065 NaN -1.5632157193299954 NaN 0.4768178947359623 NaN 6.437569436115592 NaN
7.59999999999986 0.9732146811786229 NaN 8.328399253632893 NaN -3.8391385845093766 NaN -1.7352288722163265 NaN 5.9175309200735695 NaN 4.271053721679008 NaN -4.606605281191749 NaN 1.1819412300438377 NaN 6.262115395290843 NaN -2.2826743228626993 NaN 7.266149020182267 NaN 0.24960989070356776 NaN 8.403142736709883 NaN 2.272213985730854 NaN 6.449273146631647 NaN -4.545951857891128 NaN 3.0298350542084607 NaN -4.5673574735734395 NaN 0.020209348090658275 NaN 6.79650584481723 NaN
7.649999999999859 1.3593015115098595 NaN 9.088203901526501 NaN -5.095943236004124 NaN -1.6014289538850637 NaN 6.588654361829115 NaN 4.415545311047484 NaN -4.350024876094053 NaN 2.563567331982825 NaN 6.717217854862044 NaN -2.098247133967192 NaN 7.045119481591227 NaN 1.3392174746095233 NaN 8.231911298059126 NaN 2.901123240660691 NaN 6.728942680773963 NaN -4.652396816245214 NaN 4.318875732741609 NaN -6.220310536670125 NaN -0.7123809885775859 NaN 6.451380684700626 NaN
7.699999999999858 1.76269445255122 NaN 8.400612398559494 NaN -5.232273036673284 NaN -0.6347227942341869 NaN 7.0418449560261305 NaN 4.1669138783460715 NaN -3.77740666710101 NaN 3.929380683710448 NaN 6.933072913863422 NaN -1.7072671637712344 NaN 7.101496417570668 NaN 2.2898410802044653 NaN 8.085472927051784 NaN 2.575586898572964 NaN 6.082453319418583 NaN -4.123132651264411 NaN 4.980138528060689 NaN -7.032238031555881 NaN -0.2886068186482951 NaN 6.648510122703559 NaN
7.749999999999857 2.195637556814655 NaN 7.450202442379737 NaN -3.8941910446733927 NaN 0.46856043260342134 NaN 7.839513886234836 NaN 3.3715850314305524 NaN -3.2662286661912536 NaN 5.49679115835043 NaN 6.184104164991289 NaN -1.3557715039196176 NaN 7.090492885691578 NaN 2.924855730905764 NaN 7.889062006999303 NaN 2.9219985378603055 NaN 5.800894810326634 NaN -3.0656148330004607 NaN 5.152057828713429 NaN -6.819767941815432 NaN 0.6977888540065573 NaN 6.647029158215052 NaN
7.799999999999856 2.2376800912068537 NaN 5.767842671188708 NaN -2.328801363758435 NaN 1.0978811925335037 NaN 8.233629481360012 NaN 2.728766539351781 NaN -2.15174625621569 NaN 6.833607735773959 NaN 4.951376439652958 NaN -1.1766221658264628 NaN 6.747821054156892 NaN 3.4196823533369347 NaN 6.8323775986329895 NaN 2.6818072615232413 NaN 4.37777646787098 NaN -1.6687239006743786 NaN 5.196359025145335 NaN -6.464663922946395 NaN 2.610140645115768 NaN 6.332761156447249 NaN
7.849999999999855 2.743778141780237 NaN 2.8360261557865782 NaN -0.7658980550540181 NaN 2.139235186678538 NaN 8.727941009330845 NaN 1.7290465247729336 NaN -2.0632105771528724 NaN 8.152140966012848 NaN 3.685322181202303 NaN -0.5003418252591872 NaN 7.175546544701726 NaN 3.810495039063185 NaN 5.8219499209693275 NaN 3.074183761648051 NaN 3.0345265341614724 NaN -0.2117558062173303 NaN 5.2308384142093445 NaN -6.0423037833480535 NaN 4.845517859747673 NaN 5.908181251610431 NaN
7.899999999999854 2.901458347250913 NaN 0.2924225710503729 NaN 0.046252612096557844 NaN 2.220372480162101 NaN 8.636120682643373 NaN 1.1301427415625303 NaN -1.1436168626327188 NaN 9.21887158980548 NaN 1.9824018448829894 NaN 0.19654906014290224 NaN 7.072169604190852 NaN 4.081618592498091 NaN 4.2895392988445185 NaN 3.3518774211910047 NaN 1.547269175813568 NaN 0.45580633870109755 NaN 5.525214887770269 NaN -4.944875109135328 NaN 5.909502036670961 NaN 4.8654973539899755 NaN
7.949999999999853 3.2695193109478535 NaN -2.4557253841480247 NaN -0.6590666962844935 NaN 3.107051262120955 NaN 8.226038831740905 NaN 0.8438841891015834 NaN -0.8617502529399058 NaN 9.62645786008286 NaN -0.11503251013965612 NaN 0.048132101080072126 NaN 7.06749216631097 NaN 4.039827413983142 NaN 2.099733213406838 NaN 3.398831551652496 NaN -0.42449036172818405 NaN 1.1300342879723053 NaN 5.889942361630019 NaN -4.3882131780069695 NaN 6.825430516239982 NaN 3.1298317326304357 NaN
7.999999999999852 3.387395926573368 NaN -4.343734930368715 NaN -1.529291055876561 NaN 3.774806343845246 NaN 7.021330498122929 NaN 1.3034318267387568 NaN 0.0503307703090259 NaN 9.879196141621234 NaN -1.3783964075429158 NaN 0.3234624038786398 NaN 6.9843384619169555 NaN 4.26078593871165 NaN -0.4359315970065525 NaN 3.198377995457643 NaN -2.1028769363530353 NaN 0.5142319498160113 NaN 5.53406303073433 NaN -3.6241961777159655 NaN 6.716636936600781 NaN 1.4918485203053735 NaN
8.049999999999859 3.760862610711308 NaN -5.597811092634706 NaN -1.5302867596986036 NaN 4.5968973850652475 NaN 4.8813236760521015 NaN 1.9570981526278135 NaN 0.3957831903528164 NaN 9.870203895071107 NaN -0.7723708454443909 NaN 0.5676909346671722 NaN 6.690414378120724 NaN 4.599524629986839 NaN -2.1022990432788764 NaN 3.0143579871956594 NaN -3.2953987397027578 NaN 0.8552844875983313 NaN 5.716490051887274 NaN -2.204126530885642 NaN 6.3862956132263795 NaN -0.6630106127956256 NaN
8.099999999999866 4.404911567775947 NaN -5.713158481218738 NaN -0.8140952184118252 NaN 5.357636771159192 NaN 1.66104726586743 NaN 2.0782482053610916 NaN 1.155352599057243 NaN 9.710782765453946 NaN -0.5818120864514452 NaN 1.1552672097606878 NaN 7.381100798447691 NaN 4.879895279267292 NaN -3.6504904567517467 NaN 3.06172799851749 NaN -3.722262804134924 NaN 0.7661950386598844 NaN 4.957094958539189 NaN -0.21427884569932099 NaN 5.931861391066226 NaN -2.130669922434496 NaN
8.149999999999874 4.486117068523967 NaN -5.582817103610774 NaN 0.08940292252724646 NaN 6.28452971817764 NaN -1.7370002826145892 NaN 1.9027164829168677 NaN 1.9038480496088603 NaN 8.504820191829628 NaN 1.3049520819495573 NaN 1.367268211981718 NaN 7.378820324615777 NaN 4.96426707320594 NaN -4.322222798078703 NaN 4.027473835750766 NaN -3.952498124514923 NaN 1.5715194402368382 NaN 5.1042282619937405 NaN 0.6431196651886222 NaN 5.373112092947567 NaN -2.8325676433678755 NaN
8.199999999999882 5.471146199528461 NaN -5.406484508175248 NaN 1.5743114004184844 NaN 7.0163475000174165 NaN -4.627531204629636 NaN 1.4744320989915394 NaN 2.8151645598150585 NaN 7.009243207420835 NaN 2.933407169278649 NaN 1.8351183000505387 NaN 7.46594523216416 NaN 4.863748316604807 NaN -4.48778767801854 NaN 4.997724034142941 NaN -4.071426334754879 NaN 2.226871393357577 NaN 3.869384490063925 NaN 1.9286847833532037 NaN 5.2417915228122824 NaN -3.4069201318528304 NaN
8.24999999999989 5.936876008411944 NaN -4.519907300760819 NaN 2.787172739174403 NaN 7.190780163879945 NaN -5.763552173657604 NaN 1.7000897372638328 NaN 3.948286666717586 NaN 5.39832942448415 NaN 3.595658907424437 NaN 2.182875106113639 NaN 7.566161994177039 NaN 4.723301629630893 NaN -4.420751454795479 NaN 5.823787900781661 NaN -3.9151634545391234 NaN 3.2496758814701483 NaN 3.2087573149408404 NaN 2.737347907003641 NaN 5.7788817238271575 NaN -3.782301429869983 NaN
8.299999999999898 6.4612825544971795 NaN -3.588955102330705 NaN 4.007337118011704 NaN 6.871802440997739 NaN -5.489358316637545 NaN 2.5651159531121768 NaN 4.843788091065676 NaN 3.2726937001941145 NaN 3.9476811482956076 NaN 2.9476262844874586 NaN 7.485374535817147 NaN 4.693495888920777 NaN -4.105347329281457 NaN 6.60968405426102 NaN -3.6137104638704396 NaN 4.399696371774046 NaN 2.309819108105672 NaN 2.96290484700361 NaN 5.838464166918503 NaN -4.084828648906663 NaN
8.349999999999905 6.589704627037731 NaN -2.3852983422680705 NaN 5.2845296663314505 NaN 5.954284606690515 NaN -5.307762334461418 NaN 2.897370897845533 NaN 5.9192218997645965 NaN 1.1210972044410488 NaN 3.7874158652933825 NaN 3.961774646315231 NaN 6.06004231046155 NaN 4.443966196306107 NaN -3.8085590619262946 NaN 6.998292002100339 NaN -2.9423805957638165 NaN 5.322006210582815 NaN 0.5774162649380965 NaN 2.8452309790019754 NaN 5.9432220984340445 NaN -3.8178684154347597 NaN
8.399999999999913 6.591745484693141 NaN -0.9264323059624654 NaN 5.741543176691012 NaN 3.517765750514045 NaN -3.402750490666806 NaN 3.304268620305747 NaN 6.2767165945353485 NaN -0.19209494816858189 NaN 3.2393325763933474 NaN 5.719751390463228 NaN 4.8972781153459755 NaN 4.741005176118233 NaN -3.760165981542738 NaN 7.268592093396684 NaN -2.1752585507936315 NaN 5.773732282354018 NaN -0.48202982994692933 NaN 2.9958484110023664 NaN 5.340058972206205 NaN -3.8212862967594092 NaN
8.449999999999921 6.641741624751546 NaN 0.30740971953087376 NaN 6.145938211492836 NaN 0.6018781798347013 NaN -2.319941513870584 NaN 2.5820503801504953 NaN 5.6521133866012905 NaN -0.311067819210157 NaN 2.5263236712099917 NaN 7.43375934570184 NaN 3.1176738921552296 NaN 4.944409226777805 NaN -3.097129329377904 NaN 7.318327431159958 NaN -1.4511338231262694 NaN 6.128267816457336 NaN -1.3034837210119767 NaN 2.7447738187470985 NaN 4.871681161174284 NaN -2.8191433480464645 NaN
8.499999999999929 7.1313580570598285 NaN 2.0245523819876765 NaN 6.451090271921085 NaN -2.2134139531714334 NaN -1.6595132099768646 NaN 2.4513977321456997 NaN 4.902129690351006 NaN -0.06328716158175307 NaN 1.9313924477561533 NaN 8.149770103558263 NaN 1.4651032572531562 NaN 4.71464734764882 NaN -2.4727693067717826 NaN 7.507202729919296 NaN -0.08330612697109785 NaN 6.298932454413118 NaN -2.0889217260663795 NaN 2.5844030392327224 NaN 3.0334470924864436 NaN -1.927935614485781 NaN
8.549999999999937 6.6336448773665415 NaN 3.0003698962414824 NaN 6.627572141029753 NaN -4.0661304551060535 NaN -1.3949718456414502 NaN 1.4062140796926783 NaN 3.275490570555962 NaN 0.7832129529189819 NaN 1.5943671308047207 NaN 8.614689291031493 NaN 1.189880987512754 NaN 4.754904807591494 NaN -2.056756415541485 NaN 7.4368548657928715 NaN 0.4370906769718379 NaN 6.461561813515508 NaN -2.4576916658403545 NaN 2.949693420156024 NaN 1.046125996674407 NaN -0.9132569004064927 NaN
8.599999999999945 6.9696437683692825 NaN 3.4453203055521655 NaN 6.7481353940926185 NaN -4.639092650681601 NaN -1.0639980276968977 NaN 1.0578896319811955 NaN 1.1260049095510505 NaN 1.9235322766269383 NaN 1.4554201714313795 NaN 6.533991264915445 NaN 1.8329125465717002 NaN 4.944720055116753 NaN -1.4102461648441338 NaN 6.949482520984973 NaN 0.3815976275678431 NaN 6.952935554288509 NaN -2.9706714552186457 NaN 3.0615423304102354 NaN -0.5003158598002517 NaN -0.2177827476962974 NaN
8.649999999999952 7.5207186414119525 NaN 3.3854002600504236 NaN 6.004200150395096 NaN -4.1732425623325815 NaN -0.7903374797753562 NaN 0.9529911553558568 NaN -0.4699089037374982 NaN 2.2790710520732382 NaN 1.9925982613513724 NaN 3.2299881486648743 NaN 2.72965475157097 NaN 4.328794544706117 NaN -0.42839641886438845 NaN 6.687577479941438 NaN 0.3402805407519059 NaN 7.009857146362144 NaN -2.736797243508978 NaN 3.7778446073265552 NaN -1.9075765884971534 NaN -0.3854823039359122 NaN
8.69999999999996 7.10398128305904 NaN 3.599718827771522 NaN 4.347036064296185 NaN -2.787559879570741 NaN -0.5388593771515932 NaN 1.2278506863400356 NaN -1.5810431071541033 NaN 2.0327164599790013 NaN 2.372277670392759 NaN -0.3516380163953471 NaN 2.007920088410937 NaN 4.1788276292172535 NaN 0.4364471583916052 NaN 6.753560333142032 NaN 0.10527199911301505 NaN 6.822408641614382 NaN -2.2655964552195105 NaN 3.788862627319187 NaN -3.278300170013929 NaN -0.2027507286556521 NaN
8.749999999999968 6.915352904710615 NaN 3.745147542826314 NaN 1.7988752702963726 NaN -1.5850158180981784 NaN 0.19046891681092665 NaN 1.4276431723409784 NaN -2.0399810912704126 NaN 2.5990498222514797 NaN 3.792979328782814 NaN -3.532023540870748 NaN 1.5412561009599004 NaN 2.788088696486671 NaN 0.9672307742669656 NaN 6.848039685552683 NaN 0.09551030965333125 NaN 6.869434167097764 NaN -0.9930355224857546 NaN 3.9136601314748916 NaN -3.8822256299457845 NaN 0.6678587254296489 NaN
8.799999999999976 7.441101681154585 NaN 3.53113037270653 NaN -0.08108663453364717 NaN -1.3007387561900778 NaN 0.7282305245737765 NaN 1.7057720983851363 NaN -2.4660751686737523 NaN 2.3775458806442944 NaN 4.783875960323807 NaN -5.899192354638327 NaN 0.5273436949041272 NaN 2.5386639172600023 NaN 1.8145796632937854 NaN 6.476549749733684 NaN -0.3707106974508348 NaN 6.239222160023852 NaN 0.08108555485963782 NaN 4.290348313091169 NaN -4.271023478019015 NaN 1.1469592159575792 NaN
8.849999999999984 7.737966594070311 NaN 3.8041153204258853 NaN -2.0513485272647336 NaN -0.8068294967122045 NaN 0.8366410502668717 NaN 2.3755498121760508 NaN -2.480349222766747 NaN 2.983049003939281 NaN 5.697945820683247 NaN -6.861838664407973 NaN 1.157976222260021 NaN 1.841763028299128 NaN 2.0564750713430193 NaN 7.159717522616751 NaN -0.7623692495343655 NaN 6.383966097611801 NaN 0.9945987550741477 NaN 4.548573468860856 NaN -3.9998161157988252 NaN 2.7506440169245345 NaN
8.899999999999991 8.0249113819349 NaN 2.8484585167998424 NaN -2.740942758366437 NaN -0.5405674629355764 NaN 1.077601458555465 NaN 3.2246271988412554 NaN -1.940723294737566 NaN 4.080958307098856 NaN 5.860645781821931 NaN -6.810108813325264 NaN 3.2059659266627687 NaN 1.0283970308735897 NaN 2.578070277105327 NaN 7.119026836860129 NaN -0.8388498644334251 NaN 6.109600013100392 NaN 1.6567282938518366 NaN 5.025573688812979 NaN -3.5761759996696405 NaN 4.05838978297204 NaN
8.95 8.088092185548984 NaN 1.5270247973823203 NaN -2.3322714211517592 NaN -0.603196247197345 NaN 1.7504687575164342 NaN 3.9344405650159744 NaN -1.2997228129530654 NaN 5.31270116362393 NaN 5.244753233955128 NaN -6.486523259111351 NaN 5.00864421139541 NaN -0.3746620330059554 NaN 2.3026729976708613 NaN 7.099728707394434 NaN -0.5448457863208753 NaN 6.213908262092863 NaN 2.6806237263156136 NaN 5.012990422062418 NaN -3.016671917760554 NaN 5.116658161373922 NaN
9.000000000000007 8.040305675952434 NaN 0.48782695330808534 NaN -2.186529851534625 NaN -0.1950070272837977 NaN 2.0480155382023466 NaN 4.904516429788179 NaN -1.5196272434563816 NaN 6.417361614646955 NaN 3.4938948718641494 NaN -5.549034490276628 NaN 5.7144928433655835 NaN -2.1019276799709354 NaN 2.129412241903911 NaN 6.794173926669815 NaN -0.47840929305034785 NaN 5.695069007876185 NaN 2.983748551338141 NaN 5.045262654578937 NaN -2.799983665041454 NaN 7.020998588058018 NaN
9.050000000000015 6.385934653737963 NaN 0.6677863785247098 NaN -1.8927264919681022 NaN 0.38197519498862625 NaN 2.4770899592212965 NaN 5.214015480803784 NaN -1.390021146604558 NaN 7.91486586117956 NaN 0.8809158884387809 NaN -4.412818426538664 NaN 5.843896312201739 NaN -2.934424726154689 NaN 2.109643876374618 NaN 5.956601368259401 NaN 0.37008242551298487 NaN 5.425522608008825 NaN 3.061651173213064 NaN 4.232795741989448 NaN -2.065164557295554 NaN 8.26145756370466 NaN
9.100000000000023 3.198056281812024 NaN 0.8846019259723213 NaN -1.4646173469133408 NaN 0.5390406036065798 NaN 3.1248969883046915 NaN 6.079897234533366 NaN -1.691101369265587 NaN 8.750423634537029 NaN -1.4878362933264815 NaN -3.7844166901704326 NaN 4.96773239933578 NaN -3.5442983633965093 NaN 2.670713232751771 NaN 4.589153145805937 NaN 0.736184901648532 NaN 5.280285836149727 NaN 3.7548649546137285 NaN 3.112716649702585 NaN -1.6228011533515077 NaN 9.332564420228099 NaN
9.15000000000003 -0.8736033358758589 NaN 1.1705770534172424 NaN -1.0142983129036176 NaN 1.1926173111644838 NaN 3.7641385835513446 NaN 5.752715435886743 NaN -1.2360157906488352 NaN 9.69146312372179 NaN -2.156696512808105 NaN -2.8202877040485634 NaN 4.363680806494375 NaN -3.826954622116689 NaN 3.5554823749904756 NaN 2.51048068197772 NaN 0.9042595706918496 NaN 5.300776975862436 NaN 3.5545283403664696 NaN 1.5402655509733458 NaN -0.9408182707863683 NaN 9.841941717832787 NaN
9.200000000000038 -3.7157335595017407 NaN 1.7460430252721777 NaN -0.2933337071782701 NaN 2.1362433552611586 NaN 4.410106447224665 NaN 5.525042259869427 NaN -1.5565893750898239 NaN 9.81171381177769 NaN -2.212931847562029 NaN -2.673890075830042 NaN 3.491579970194876 NaN -3.824034323953587 NaN 4.582597686469335 NaN 0.18924523080883354 NaN 0.8350449299057473 NaN 5.234321660501163 NaN 4.078108475625294 NaN -0.24140880654280433 NaN -0.7306029568894524 NaN 10.635910058467362 NaN
9.250000000000046 -5.396135749322905 NaN 3.013946124771945 NaN -0.0003711542790880429 NaN 2.658599825659285 NaN 4.928555455830728 NaN 4.830793026654598 NaN -0.8961144317270724 NaN 9.710547610312174 NaN -0.8158680514294927 NaN -2.0359506789457553 NaN 2.5288454552953703 NaN -3.4976669539890857 NaN 5.592001755111215 NaN -2.3895110712592382 NaN 0.5232334452019951 NaN 4.996228106356953 NaN 4.188095947303106 NaN -1.4331954657768369 NaN -0.28931749756522523 NaN 10.826264498556181 NaN
9.300000000000054 -5.640491171717996 NaN 4.329490976582147 NaN 0.083169434630404 NaN 3.414128793469956 NaN 5.641385641540882 NaN 2.8055383968653658 NaN -0.3605437968957794 NaN 9.436227170273865 NaN 1.2018169132022527 NaN -1.5178253750181014 NaN 2.1229399013137353 NaN -2.7044944048086763 NaN 6.460974050486279 NaN -3.808815901014865 NaN -0.15345855991308388 NaN 4.837885231372472 NaN 4.093072165565987 NaN -2.7416419371087724 NaN 0.03641330509707007 NaN 10.455533660671984 NaN
9.350000000000062 -4.615987916550674 NaN 4.718180960288844 NaN 0.4033393410719421 NaN 3.994289762137673 NaN 6.391446683128734 NaN 0.9335033512705352 NaN -0.4355179484389944 NaN 8.971351340971234 NaN 3.0694919370987064 NaN -1.216138639563452 NaN 1.6079132336373174 NaN -2.3757087539607955 NaN 7.305884681811078 NaN -4.675455857495766 NaN 0.429116562194302 NaN 4.9502040478506775 NaN 4.389846743991492 NaN -3.8097351794454464 NaN 1.0239289880018076 NaN 10.088435234720851 NaN
9.40000000000007 -1.9205008560200711 NaN 5.487256054982915 NaN 0.2743865931598317 NaN 4.7252212308840305 NaN 6.608021538564455 NaN -0.42622873563037667 NaN -0.18835532227234975 NaN 8.341522246302064 NaN 4.082449756657548 NaN -0.9616529322207267 NaN 1.1105674894218542 NaN -1.4390144955461395 NaN 7.941273045037525 NaN -5.0551842385721315 NaN 1.2755907964345365 NaN 5.321507010038951 NaN 4.535608805859375 NaN -3.66145220798398 NaN 1.427709357282132 NaN 9.614604330807978 NaN
9.450000000000077 1.2189978649045918 NaN 5.3561512699504945 NaN 0.44871228925573703 NaN 5.8859670563354936 NaN 6.2691243382213795 NaN -1.315180792942561 NaN 0.22871553423011684 NaN 8.262767643501961 NaN 4.571904161772811 NaN -1.2262719486245748 NaN 1.383980489663142 NaN -1.0830981881759916 NaN 7.849924667302149 NaN -4.080963364658249 NaN 1.9040272412236277 NaN 4.593026782820673 NaN 4.880144798850704 NaN -3.3875062075228084 NaN 3.1099579282478453 NaN 8.350484215065672 NaN
9.500000000000085 3.452697579546309 NaN 5.7270469936990045 NaN 0.5278571630964354 NaN 7.042137147830711 NaN 4.45353418426238 NaN -1.0368286296516378 NaN 0.7512019002213229 NaN 8.181696344780661 NaN 4.998350966030976 NaN -1.2456163419676571 NaN 1.4880053629227206 NaN -0.28168409868596495 NaN 7.55918136431964 NaN -2.8211941754417236 NaN 2.4944565686237707 NaN 3.869648041177676 NaN 5.0906396869858845 NaN -2.9723468199774863 NaN 4.491948048841438 NaN 6.66280578183018 NaN
9.550000000000093 4.247986069221658 NaN 5.92804854056209 NaN 0.1632414860434392 NaN 8.570068323993882 NaN 1.6142817069694404 NaN -0.3966995728210593 NaN 1.3795217785087046 NaN 8.03110655921815 NaN 4.866042492236742 NaN -1.3638720384460425 NaN 1.3606101984163523 NaN 0.3953621700722947 NaN 7.399655728926262 NaN -1.095649114787177 NaN 3.200923840675829 NaN 3.120055208109847 NaN 4.9019691430624235 NaN -2.975827685324492 NaN 6.38496429372077 NaN 3.853475274364927 NaN
9.600000000000101 3.669094179355651 NaN 5.1703221631043785 NaN 0.45405103877856146 NaN 9.834364350815923 NaN -1.0013415915740629 NaN -0.5325187867452786 NaN 1.585356781407546 NaN 8.04633905019028 NaN 4.781484621273017 NaN -1.2667950072776653 NaN 1.6595247323069386 NaN 0.8453716284345812 NaN 6.6935472339354325 NaN 0.9758006571377159 NaN 3.729502786698987 NaN 2.4585900220213492 NaN 5.245585223857076 NaN -2.468396027414079 NaN 7.604830685211584 NaN 1.633987463509036 NaN
9.650000000000109 2.724785201738333 NaN 5.147733638093422 NaN 0.8112966012111936 NaN 10.523734992017156 NaN -2.3192155605379154 NaN -0.05802080626608755 NaN 2.27635318886808 NaN 7.5954482296820816 NaN 4.740156493591523 NaN -1.4788458739984693 NaN 2.221922035888924 NaN 1.6393210147853334 NaN 5.917592798062551 NaN 2.3744401202199596 NaN 4.175476122349092 NaN 1.1424686518769875 NaN 5.803218638617091 NaN -1.9777895133107686 NaN 8.579738941949344 NaN -0.5737618646022049 NaN
9.700000000000117 1.0805898278859272 NaN 4.646744488918674 NaN 0.7492102740566478 NaN 10.243466366562904 NaN -2.0370675506023703 NaN 0.6855162537914449 NaN 2.9247270746198653 NaN 7.327705656713041 NaN 4.592404740597288 NaN -0.9437496928969707 NaN 2.601711727315348 NaN 2.1737521267476057 NaN 5.4507613568975195 NaN 3.0857510199311764 NaN 5.2005160462983655 NaN 0.1590165408592394 NaN 5.886006563983276 NaN -1.6064719738380493 NaN 9.644588038512255 NaN -1.9870176752365252 NaN
9.750000000000124 -0.6018481964780965 NaN 4.218460473722873 NaN 1.3771952804431684 NaN 8.881842091300669 NaN -0.09017769639457585 NaN 1.2044978341252133 NaN 3.769491576281724 NaN 6.314618977741671 NaN 4.430731983486778 NaN -0.7129515643225879 NaN 3.5185413241367876 NaN 2.3525431633148646 NaN 4.415120038546232 NaN 3.4836428581777232 NaN 5.556847748517728 NaN -1.2165052293603458 NaN 5.7579398796543675 NaN -1.5696017642576574 NaN 9.708334996840208 NaN -1.8773815697166214 NaN
9.800000000000132 -1.3078329643852473 NaN 3.828090219982017 NaN 1.367187932594835 NaN 6.863648416889492 NaN 1.3422189289014725 NaN 1.47215647653939 NaN 4.772124178850051 NaN 4.863135659577847 NaN 4.385338306731314 NaN -0.6921933911082072 NaN 4.071948216717748 NaN 2.3413756050020273 NaN 3.747063035814514 NaN 3.489890526240219 NaN 6.4149527066422545 NaN -1.8905069553625224 NaN 6.269832656992653 NaN -1.4152511131598857 NaN 9.97937488791821 NaN -0.8228370185099572 NaN
9.85000000000014 -1.6775599379352413 NaN 3.3085433471867773 NaN 1.2201535032252064 NaN 4.304454998739171 NaN 3.1723158170683283 NaN 2.2363841736527483 NaN 5.809095169762394 NaN 3.1180411192414272 NaN 4.647492681308763 NaN -0.49332492884806084 NaN 5.12162674340335 NaN 2.4961906864581 NaN 2.9947507724857276 NaN 3.4894083604864314 NaN 6.146759057525317 NaN -2.4879081678496413 NaN 6.383374494926932 NaN -1.1596646873313343 NaN 9.709108400902549 NaN 0.9690038135232586 NaN
9.900000000000148 -1.770669484489773 NaN 3.0022230226399804 NaN 0.6056585161884189 NaN 1.2154477842026832 NaN 3.1736264849166123 NaN 2.224120079102026 NaN 6.640265608351443 NaN 0.340204105904102 NaN 5.162638233907003 NaN -0.046223457348672864 NaN 5.6067104307363484 NaN 1.7983285991133373 NaN 2.4954064098818685 NaN 2.862628844448439 NaN 5.222430180766772 NaN -1.8232257449282576 NaN 6.417587123976019 NaN -0.9098125598916436 NaN 9.442781338450361 NaN 2.067103524602347 NaN
9.950000000000156 -1.2845925947833956 NaN 2.1857367880589096 NaN 0.13267437906261909 NaN -0.8523860737843533 NaN 1.886881030044302 NaN 3.230091917058221 NaN 7.816480224578241 NaN -1.8235923200521142 NaN 5.1289915844494045 NaN -0.31163532097451496 NaN 6.126039663447042 NaN 1.3011017372564244 NaN 2.2905621972666688 NaN 2.697830663456605 NaN 2.542522859542396 NaN -0.9804240900697481 NaN 6.5765910557333624 NaN -0.9164512077681151 NaN 9.648036341908918 NaN 2.977843051054173 NaN
10.000000000000163 -1.5713267668780764 NaN 1.4057611267237529 NaN -0.8722708302218654 NaN -2.1228795649306096 NaN 0.25813738074381204 NaN 4.061739777163151 NaN 7.906568700351843 NaN -2.8442539961502717 NaN 5.434187671050242 NaN -0.21184565902802427 NaN 7.52849348217468 NaN 0.15186681904895577 NaN 2.6634136909087633 NaN 2.6044559652129284 NaN 0.20075844928787018 NaN -0.4034103156339882 NaN 7.076424185025419 NaN -0.4240798911410274 NaN 9.138348762114344 NaN 3.653157979343643 NaN
