8.155464663101581468e-01
5.554029105573276226e+00
7.134378541902531623e+00
1.286464086613351432e+00
3.144624331606930223e+00
1.714489441671809056e+00
-1.450412931159108965e+00
2.200036632653166180e+00
6.128034112753210749e+00
2.457026470105324378e+00
-3.528541683434461618e+00
-3.103400416747492119e-01
-3.095959616057984420e-01
2.013435044057255041e+00
8.464509376260378914e+00
4.283971585317468467e+00
-5.769355616010515497e+00
2.882529186785163788e-01
1.772935092797679246e+00
6.272636387100868127e+00
7.659889984436816235e+00
3.573323174916416267e+00
-2.471609583805196131e+00
-2.638510487653356940e+00
4.303855211311856444e+00
3.379699239104591690e+00
1.637901555891279504e+00
4.125917130495793117e+00
6.555373967226078236e+00
-4.209907721867359953e+00
1.501543947602013596e+00
1.743266646485210014e+00
4.625479145067468600e+00
9.262666102866248252e+00
4.361882852771302055e+00
-4.629652928651485588e+00
1.861430926992456047e+00
7.895372063577669408e+00
3.090381688770468038e+00
-3.830822066384738100e+00
