0 4.953454645292997 NaN -4.908903465677511 NaN 1.4288988275460548 NaN 5.615135394123857 NaN -3.1951451718731154 NaN 6.659139650036184 NaN NaN NaN NaN NaN NaN NaN NaN NaN NaN NaN NaN NaN NaN NaN NaN NaN NaN NaN NaN NaN NaN NaN NaN NaN NaN NaN NaN NaN
0.049999999999999996 5.692657680139569 NaN -4.771828736951147 NaN 1.8941070892312972 NaN 5.352460867531742 NaN -2.516678524528824 NaN 6.835681532672271 NaN -4.695687878433369 NaN 1.7385401047615643 NaN 4.774953230656492 NaN -0.4713754180348737 NaN 8.60968031485834 NaN -1.2563292580339867 NaN -2.4183828298489822 NaN 9.03132441924509 NaN 6.438526847761093 NaN 1.3187004247252379 NaN 7.104123657503855 NaN 0.0349502960703465 NaN 6.850602613545036 NaN 0.08298398431506246 NaN
0.10000000000000002 5.827956694999122 NaN -5.005562051319407 NaN 2.9857249784284163 NaN 5.267175595554294 NaN -2.039525378822273 NaN 7.038128474415381 NaN -4.511122213803521 NaN 3.034232528871572 NaN 3.7391906380083832 NaN 0.7002266860543033 NaN 8.712846089939854 NaN -1.4125710522830746 NaN -2.3420448532515383 NaN 9.874928173371615 NaN 5.253975319914058 NaN 0.7499857565703271 NaN 7.098061474436443 NaN 0.8548308858845238 NaN 7.04426893242777 NaN 0.16836293575127573 NaN
0.15000000000000005 5.9793778088977785 NaN -4.674481238715133 NaN 3.810318819912119 NaN 3.64368354315534 NaN -1.4075570473257366 NaN 7.474990616913132 NaN -3.5721719360385906 NaN 3.516048511651444 NaN 2.9157167199194953 NaN 1.4273367800895065 NaN 8.290245906201255 NaN -1.0285568354232129 NaN -1.4308028184083812 NaN 10.566569745863644 NaN 4.794680086811517 NaN 0.9129596686008811 NaN 6.939548880827568 NaN 1.7156372867154885 NaN 6.81969506458314 NaN 0.7682315110543243 NaN
0.2000000000000001 5.655585927316287 NaN -3.509155162738747 NaN 4.076390463150327 NaN 2.247953386650539 NaN -0.47013746953126523 NaN 7.378966950895068 NaN -2.0929732622639796 NaN 3.8567395113158516 NaN 0.7906965175709854 NaN 1.3355574041933673 NaN 8.32586263956932 NaN -0.30062063667529004 NaN -0.7696514545153014 NaN 11.011439416129381 NaN 3.3546519989739614 NaN 1.3428967848195872 NaN 6.253101667255437 NaN 2.442816052334686 NaN 6.634813601112992 NaN 0.2237681230434386 NaN
0.2500000000000001 5.586454683791018 NaN -2.765685202222647 NaN 4.656198132652837 NaN -0.6302375378094531 NaN 0.19463158527894886 NaN 7.368148964435219 NaN -0.7908049321296033 NaN 4.608503065201815 NaN -0.6007296455986738 NaN 1.249766991730033 NaN 7.809255981787963 NaN 0.8485193671908899 NaN -0.24851043537451917 NaN 11.790406137357097 NaN 1.808147471061673 NaN 2.1004031877190457 NaN 5.371051601882437 NaN 2.664332598600391 NaN 6.546560752213402 NaN 1.0360738070951307 NaN
0.30000000000000016 5.322957031811999 NaN -1.0415885453939357 NaN 4.63450626392153 NaN -1.8971860731439483 NaN -0.15369713262277923 NaN 7.115569031724789 NaN 0.3790686218931397 NaN 4.980373555971582 NaN -1.3191622086525583 NaN 1.2352767174393147 NaN 6.845479972991707 NaN 1.7042619740635825 NaN -0.15960477540685858 NaN 11.8175076918632 NaN 0.45239125526486895 NaN 2.466885886702244 NaN 4.961319636104454 NaN 2.84447622283253 NaN 6.0218670797452685 NaN 1.0264010976894014 NaN
0.3500000000000002 4.438550143406031 NaN 0.17778863961963057 NaN 4.677801440674409 NaN -3.2999825010066712 NaN 0.5372656720579614 NaN 7.150764103574963 NaN 1.4513984688553612 NaN 4.988091633491853 NaN -2.3124100705301784 NaN 0.4415070482501937 NaN 6.09655257201695 NaN 2.4667983695180413 NaN 0.43838029460635786 NaN 12.505701137491773 NaN 0.05516796442879317 NaN 3.3634616259327608 NaN 3.6860146497628814 NaN 3.2070939726748184 NaN 4.938979198027839 NaN 1.1738735774741464 NaN
0.40000000000000024 3.5829867609933066 NaN 1.089430217829281 NaN 5.275516692187124 NaN -3.869297995746988 NaN 0.7364991656004618 NaN 7.108926531375775 NaN 2.079963882772508 NaN 5.405526529892403 NaN -3.219847090656775 NaN 0.6649693193579642 NaN 5.332147873612786 NaN 3.229909219585765 NaN 1.1316722777264705 NaN 11.825740807502259 NaN -0.3574525153246738 NaN 4.515763886162383 NaN 2.5141759362304477 NaN 3.2161285489667426 NaN 3.434988546709002 NaN 1.7544502006642972 NaN
0.4500000000000003 2.2721725492228355 NaN 1.853062397370912 NaN 5.288630668356371 NaN -4.042584187746151 NaN 1.638734623659988 NaN 6.481956692478302 NaN 2.817065418846687 NaN 5.381976786943541 NaN -3.4860000007895504 NaN 1.639711466641926 NaN 3.7556631698069665 NaN 3.939931710333451 NaN 1.6006022379306657 NaN 11.077192154488506 NaN 1.2785426359744019 NaN 5.469038950791248 NaN 0.9653943105687791 NaN 2.5080210786618355 NaN 1.5828124428761376 NaN 1.7477822753953725 NaN
0.5000000000000003 1.623968594432056 NaN 1.848278479107192 NaN 5.67741191278345 NaN -4.02965354702862 NaN 2.4332055825793613 NaN 6.3416547428063215 NaN 3.729699353976881 NaN 5.280085171187043 NaN -2.7726264790216275 NaN 1.9749207885623037 NaN 2.5721732102962416 NaN 3.378174590066021 NaN 2.256890179691057 NaN 9.482024151105406 NaN 2.512702664648548 NaN 5.920665585159447 NaN -0.3176632490694748 NaN 2.52053657581326 NaN 0.05664296358715243 NaN 1.8790266363907535 NaN
0.5500000000000004 0.5109947774797416 NaN 1.8261998096354366 NaN 5.853523118538636 NaN -3.911584485781652 NaN 3.293352523805022 NaN 5.495032359742875 NaN 3.48886599482194 NaN 4.190342071828794 NaN -2.0998655281466414 NaN 2.394955845965298 NaN 1.4939601847516357 NaN 3.129875920425619 NaN 3.643542711533185 NaN 7.833775060981278 NaN 3.5532086368926223 NaN 6.347294570752255 NaN -0.9906152148431555 NaN 2.9279167927610095 NaN -1.3820031489380427 NaN 1.2973810127011012 NaN
0.6000000000000004 -0.5516190655304708 NaN 1.4598181403291575 NaN 5.2183765471429355 NaN -3.1636235517044837 NaN 4.969692953883449 NaN 4.7196404556143206 NaN 3.6676466761268482 NaN 2.495451632855565 NaN -1.5896800080715117 NaN 3.1835478391062932 NaN -0.13289552545396793 NaN 2.750512163515158 NaN 4.596132032246588 NaN 4.8901150380739065 NaN 3.5451367075011526 NaN 5.6946932867500655 NaN -1.3042996032312482 NaN 2.7381299416172133 NaN -2.2539606029388786 NaN 1.2434738482376948 NaN
0.6500000000000005 -1.2436998003752133 NaN 1.2151639054294507 NaN 4.385009745371434 NaN -2.088234199828208 NaN 5.721517143506514 NaN 3.3075486691205214 NaN 3.840539597194059 NaN 0.8544815029911963 NaN -1.4336094425814068 NaN 3.7434809250722045 NaN -1.6198320330412417 NaN 2.2929499422872612 NaN 6.37766983795787 NaN 2.515963290631245 NaN 2.911450519491034 NaN 4.421044118427323 NaN -0.8727397376421597 NaN 2.8251066516543486 NaN -3.172121383472336 NaN 2.1674135048516714 NaN
0.7000000000000005 -2.1006380655926558 NaN 1.2444950566289767 NaN 3.2683296849139163 NaN -1.2689147186188385 NaN 5.742837291032134 NaN 1.6413541406820045 NaN 4.272652956063355 NaN -1.3058055120664704 NaN -0.8530272136262941 NaN 4.182756035820405 NaN -2.7985397274757178 NaN 1.9442354989762736 NaN 6.778105523768155 NaN 0.6454484206002103 NaN 1.422880311167441 NaN 2.75080541035749 NaN -0.30681050027337337 NaN 3.679703301814472 NaN -2.8722737895775325 NaN 2.7094290148184297 NaN
0.7500000000000006 -2.4335396198285655 NaN 1.4243191415397725 NaN 1.782945118988897 NaN -0.5460878163364019 NaN 5.896621730960693 NaN 0.5477908064019468 NaN 4.45633541008599 NaN -2.6080029453748192 NaN -0.35143027824229217 NaN 4.292265943537293 NaN -3.3793618000928065 NaN 2.0377845422514707 NaN 6.911239974000407 NaN 0.44379108385508015 NaN 0.342715972319802 NaN 0.8600427901500162 NaN 0.5530969121178076 NaN 3.7284021759134545 NaN -2.741878707926536 NaN 4.214158803090261 NaN
0.8000000000000006 -2.76240172598218 NaN 1.6441396585978347 NaN 0.3079806359455056 NaN 0.3448976717733646 NaN 6.057450153412595 NaN -1.1033428826438194 NaN 4.47741400844216 NaN -3.538382791896959 NaN -0.11344025609993517 NaN 4.65998630493245 NaN -3.914834153613462 NaN 2.6530430762345327 NaN 5.425288173745128 NaN 1.030270187637285 NaN -0.9688864734770752 NaN 0.1617738172096059 NaN 0.9869358226863556 NaN 3.848996136929044 NaN -2.743984768164138 NaN 5.484384620764236 NaN
0.8500000000000006 -2.846987899608784 NaN 2.7644514649467484 NaN -1.185370412016836 NaN 0.2850391283835364 NaN 6.997424574900155 NaN -2.6729419564288257 NaN 5.33898330018606 NaN -4.0530175380116535 NaN 0.8321237580859882 NaN 5.200789112033819 NaN -3.88870904951491 NaN 3.637595791785733 NaN 2.466211364479427 NaN 2.3614622672124805 NaN -1.6465500715377694 NaN -0.06859731895711318 NaN 0.4544820853395796 NaN 5.072653210855562 NaN -2.5017979785517515 NaN 6.640170258114935 NaN
0.9000000000000007 -3.0396740473739743 NaN 3.704926642015395 NaN -2.462136510615013 NaN 0.18021005150251448 NaN 7.111265170657183 NaN -3.3685511896687257 NaN 5.679348174984908 NaN -3.763827169173193 NaN 1.951584238464879 NaN 5.615053345293524 NaN -4.004281450010362 NaN 4.8928400737002615 NaN -1.4787162307623556 NaN 2.705585370723386 NaN -1.7084565989628075 NaN 0.21589814487921935 NaN 1.3242661914465559 NaN 5.6138110903853145 NaN -2.029985973258778 NaN 7.394083751664768 NaN
0.9500000000000007 -2.322595106979616 NaN 4.316771465530213 NaN -3.1011498022206374 NaN 0.027149053855392125 NaN 7.565947743056412 NaN -3.829520380030407 NaN 6.1921126514245755 NaN -3.8504505879402613 NaN 3.0443266123896815 NaN 5.404854824344357 NaN -3.2907264681139132 NaN 6.088229874650597 NaN -4.355607313586064 NaN 3.009637636292534 NaN -1.5035966254666109 NaN 0.4073416356120258 NaN 1.310088783945565 NaN 5.95629694269793 NaN -2.4053693745381572 NaN 7.36442927348237 NaN
1.0000000000000007 -1.038308445294993 NaN 4.859380378381855 NaN -3.754120265764094 NaN 0.5216948033568541 NaN 7.683377034421728 NaN -3.6741841027642272 NaN 6.080726518804078 NaN -3.489788759258315 NaN 4.408348611015901 NaN 4.914043173134701 NaN -2.868506837035777 NaN 6.574508294010815 NaN -6.554803815202857 NaN 2.801777952258745 NaN -1.1458202988536652 NaN 1.0318388190422534 NaN 1.2217269016054926 NaN 6.379504602249526 NaN -1.9314579618771057 NaN 7.620857742201013 NaN
1.0499999999999996 0.5791574962424725 NaN 5.150057636329958 NaN -4.008587603519167 NaN 1.159618680896937 NaN 7.993993941598217 NaN -3.0045222132643534 NaN 6.5990826844221875 NaN -2.9515524740314674 NaN 5.726711372396448 NaN 4.069133778009336 NaN -2.3854057549849204 NaN 6.77177607603757 NaN -7.708264544422052 NaN 3.6260157452745276 NaN -0.7117844082415716 NaN 1.1833754102778742 NaN 1.72621526745468 NaN 6.111892575793516 NaN -1.6976652130951684 NaN 7.441938260312696 NaN
1.0999999999999985 1.8268804739573283 NaN 4.8674862499149505 NaN -4.136740348924879 NaN 2.0458226466811373 NaN 6.657669705337246 NaN -1.505566066564065 NaN 6.762354972693532 NaN -2.5941835735145893 NaN 6.810003216689438 NaN 2.814145275611127 NaN -1.5656981736544193 NaN 6.93621863717656 NaN -7.385433506319572 NaN 4.284610205934309 NaN -0.34288737428108285 NaN 1.0672222167018037 NaN 1.4601263545327763 NaN 5.536325260072616 NaN -1.0248292510910721 NaN 7.205212903727304 NaN
1.1499999999999975 2.5044723587290383 NaN 5.277641747740574 NaN -3.2532287024491566 NaN 3.107827790121008 NaN 5.820370061125695 NaN 0.06624223975748197 NaN 6.699727299187762 NaN -2.497620030172031 NaN 7.423414769557898 NaN 1.2545152628964593 NaN -0.6617250915267749 NaN 6.907429654317444 NaN -6.988322824583772 NaN 4.93438235477248 NaN -0.0031119567279233595 NaN 0.9174802906699139 NaN 1.8050666122843868 NaN 4.498973075039817 NaN -0.2978713463955383 NaN 6.938906167558845 NaN
1.1999999999999964 3.309355143866172 NaN 5.006905304968893 NaN -3.23513252463727 NaN 4.074691659474868 NaN 3.719117162429729 NaN 1.5112416409957288 NaN 7.006358343689922 NaN -1.666890772914882 NaN 7.975162548907589 NaN -0.8329314903702041 NaN -0.23517702398396842 NaN 6.466050205640406 NaN -5.982870339241879 NaN 4.795089231383996 NaN 0.7025285933878853 NaN 0.8167504650450491 NaN 1.6930752577066694 NaN 3.6563595049903532 NaN 0.2324792002331378 NaN 6.424882844127209 NaN
1.2499999999999953 3.8052656192845693 NaN 3.826771937719026 NaN -2.571022914055455 NaN 5.51271050156167 NaN 1.862048190233108 NaN 1.754251635661336 NaN 6.7361036030186785 NaN -1.5737573306367416 NaN 8.264632428582336 NaN -2.131060756940005 NaN -0.0891849973751193 NaN 6.950839712912503 NaN -4.658001917880373 NaN 4.441378613172858 NaN 1.0769905055860232 NaN 0.47497115204099255 NaN 1.8865751098747943 NaN 2.2972547949132087 NaN 0.9656262534508389 NaN 6.375069927092071 NaN
1.2999999999999943 3.674003946874945 NaN 2.5025586708320637 NaN -1.9336625987717497 NaN 5.457613710618849 NaN -0.3523660822368664 NaN 1.9539055169999753 NaN 6.590634028584862 NaN -0.43986784564543885 NaN 8.617736668381088 NaN -2.315886153449851 NaN 0.8393070376603116 NaN 6.812056657824764 NaN -2.300395939154139 NaN 3.782799093765246 NaN 2.0624184702553956 NaN 0.05237820652241437 NaN 1.4792801118844847 NaN 0.6459567647616282 NaN 0.6668752642662409 NaN 6.401609504508796 NaN
1.3499999999999932 4.36160838613809 NaN 0.41872614136469627 NaN -1.119621321633122 NaN 6.100313780658981 NaN -2.887788743612809 NaN 1.7461587689719669 NaN 5.695428915279897 NaN 0.4419424103517876 NaN 8.439113801958856 NaN -2.398962294993054 NaN 1.016719541454758 NaN 6.790973840462566 NaN -0.49719428362091056 NaN 3.197028137414633 NaN 2.847841039957452 NaN -1.0177608927482242 NaN 2.0853448292401664 NaN -1.1801012506419002 NaN 0.5927829382109808 NaN 6.8483401783329025 NaN
1.3999999999999921 4.432510897853209 NaN -1.4979325831272439 NaN -0.7029889132056928 NaN 6.483380658337698 NaN -3.603646184819614 NaN 1.1064570765449386 NaN 5.2654034820978755 NaN 1.1845475754300092 NaN 8.388150185898018 NaN -2.0852097183913796 NaN 1.2726076417197543 NaN 6.2647383810073745 NaN 1.803930011559303 NaN 2.8986262028896013 NaN 4.792431638107848 NaN -1.6041000491843298 NaN 2.7434417121041594 NaN -2.2724329237901784 NaN 0.16890062606538686 NaN 6.48185746010272 NaN
1.449999999999991 4.418851656067924 NaN -2.686280180737081 NaN -0.7813001460017241 NaN 6.570280007088411 NaN -4.335968131761805 NaN 0.8136368650874078 NaN 4.1677374832751655 NaN 1.6063691766560304 NaN 7.949444682569425 NaN -1.1289501010989502 NaN 1.4490338897870756 NaN 6.1201101256432 NaN 3.4773602168142608 NaN 2.9337490664420143 NaN 5.028703336044647 NaN -2.410353939606598 NaN 3.319260595204451 NaN -2.7399995351790074 NaN 0.15325312304092328 NaN 6.292632759677676 NaN
1.49999999999999 4.348985019772437 NaN -3.341409763518581 NaN 0.019081550652531504 NaN 6.443221435718408 NaN -4.759636028594181 NaN 0.9636712903521751 NaN 3.3155883877005294 NaN 2.2733276673557468 NaN 7.459442655844586 NaN 0.3450318447579079 NaN 2.1785978044750625 NaN 5.834628143091866 NaN 4.025849880493037 NaN 3.4958938455949364 NaN 5.939256938072321 NaN -2.5568409972724817 NaN 4.413804778776681 NaN -3.6166998191430313 NaN 0.5215885286719979 NaN 6.373181903309997 NaN
1.549999999999989 4.646061169658594 NaN -4.0364544790879675 NaN 0.4747635454562219 NaN 6.737107698582153 NaN -4.34318817664684 NaN 1.3558596733068395 NaN 2.2342061394152823 NaN 1.8063126876573983 NaN 5.7872735243991675 NaN 1.328077861210681 NaN 2.5681292808682277 NaN 4.956503533931339 NaN 4.685254948432562 NaN 3.770651723426404 NaN 5.258043858467114 NaN -2.229106326356203 NaN 5.005970314737413 NaN -3.7574513721129605 NaN 1.5697936587363666 NaN 6.383154424658681 NaN
1.5999999999999879 4.593349588546188 NaN -4.026887233835633 NaN 1.434387735216979 NaN 6.285622706309925 NaN -3.443688012003945 NaN 2.0756275333734004 NaN 1.0759398697410458 NaN 1.4097204508323697 NaN 4.315212670581354 NaN 2.4453891448535368 NaN 2.9427232803870713 NaN 4.438512072003031 NaN 4.894379546671102 NaN 4.200265611930393 NaN 3.1891214031654034 NaN -1.7508196314826092 NaN 5.8772466793016935 NaN -3.961844516413574 NaN 3.224914518897712 NaN 6.290893767771676 NaN
1.6499999999999868 5.098304915596227 NaN -3.2548281566069353 NaN 2.9518477931144886 NaN 6.171865672393269 NaN -1.8868682311665799 NaN 2.0167424680526587 NaN 0.24587017316912746 NaN 1.3407545061689032 NaN 2.6636691435780047 NaN 3.0127831945279366 NaN 3.5428044819558138 NaN 4.034521395122561 NaN 5.04723875749009 NaN 5.2057664378527395 NaN 0.8701035652849978 NaN -0.6679053146886909 NaN 6.1042813370968245 NaN -4.298542887536637 NaN 4.087872705989 NaN 5.640909199776627 NaN
1.6999999999999857 5.177458691196727 NaN -3.4572435015977376 NaN 4.0824689636630636 NaN 5.345189037305469 NaN -0.3100209587579882 NaN 2.288670575103578 NaN -0.9336480551864248 NaN 0.41622061635644797 NaN 1.029578107398877 NaN 2.4245702150465362 NaN 4.26906801638713 NaN 2.8086320538524108 NaN 4.7978399035314885 NaN 6.251575819445463 NaN -1.6439816960435654 NaN -0.7210235173616837 NaN 6.29802463918931 NaN -3.5592850754282686 NaN 5.526170561116579 NaN 4.353534130359032 NaN
1.7499999999999847 5.208009243276109 NaN -2.4070147450003367 NaN 4.998651386695212 NaN 3.888029765744754 NaN 0.24955513489489134 NaN 2.634205607618416 NaN -1.9299187550425683 NaN 0.07297288467057111 NaN 0.0633621285701675 NaN 1.5039887115167232 NaN 5.289878794755211 NaN 2.059388422640809 NaN 5.011996232305667 NaN 5.74853625839017 NaN -2.6217971353523004 NaN -0.8109190901370769 NaN 6.481646270694165 NaN -2.6603055432060767 NaN 6.346954946051065 NaN 2.0620166823537196 NaN
1.7999999999999836 5.142709784292995 NaN -2.28459525718938 NaN 6.505664165779061 NaN 2.297928441473629 NaN 0.9080328770748924 NaN 2.9517181108023776 NaN -2.154892510141616 NaN 0.4180943954845315 NaN -1.0308406671150023 NaN 0.6520374196010781 NaN 6.295899115674665 NaN 2.0416566355117443 NaN 6.051194193434774 NaN 4.431160084671128 NaN -2.5012249832319493 NaN -0.42707577438917976 NaN 6.496089464596569 NaN -2.0275369589232226 NaN 7.457265580160413 NaN 0.05974417215655309 NaN
1.8499999999999825 5.521928320016876 NaN -1.6029153324588072 NaN 7.2167225794629735 NaN 0.7451407581320368 NaN 2.115740581547829 NaN 3.704775148791039 NaN -2.4436204117763465 NaN 1.1731425059452982 NaN -1.5909729401729122 NaN 0.10206405499172166 NaN 6.7381690686334625 NaN 1.6488705531426748 NaN 6.641721143351211 NaN 1.850961253298981 NaN -2.1410150414578912 NaN 0.026368633115787965 NaN 6.669122258555856 NaN -1.063424155167894 NaN 7.815418885183786 NaN -1.8341997545103392 NaN
1.8999999999999815 5.43472914744759 NaN -1.2604382934406906 NaN 7.7105853264420166 NaN -0.8680433992005265 NaN 1.4103823009575778 NaN 4.108071683617723 NaN -2.7284091254691223 NaN 2.0151790700720627 NaN -2.282406833814115 NaN -0.20111327200015877 NaN 7.31062110957844 NaN 1.3331114653554743 NaN 8.01432506831677 NaN -1.1930149124725933 NaN -1.6086200460457734 NaN 0.7440168922307682 NaN 6.02870478721923 NaN -0.23568650033898708 NaN 7.876202330610427 NaN -3.3195175194951734 NaN
1.9499999999999804 6.316999592065687 NaN -0.8543645271106066 NaN 8.35950955937755 NaN -1.6305926062797536 NaN 1.8549311284530843 NaN 5.20306404978594 NaN -2.956815732468193 NaN 3.5076195703068933 NaN -2.8745267400844723 NaN 0.42791943150263934 NaN 7.0713689535182525 NaN 1.8860085998784013 NaN 8.87883946353831 NaN -3.6877824636095187 NaN -1.11632478393578 NaN 1.4245604719526725 NaN 6.056297961906134 NaN 1.091179848324082 NaN 8.080140468968462 NaN -4.205455998060188 NaN
1.9999999999999793 6.564525707239356 NaN -0.4266712817089111 NaN 8.786175867831123 NaN -1.5336182589762428 NaN 1.3257813562639424 NaN 5.053841652074233 NaN -2.5339802130046065 NaN 4.669614622121997 NaN -3.0979217231866074 NaN 1.0875201545254511 NaN 5.85390878517636 NaN 2.3480083504623686 NaN 9.174864327310368 NaN -4.460355587049098 NaN -0.43514643445427703 NaN 2.1209590496607635 NaN 5.529510582967327 NaN 1.9098824119020454 NaN 8.008710844215292 NaN -4.712488890807067 NaN
2.0499999999999785 7.303353074284143 NaN 0.05459940042397115 NaN 8.725972797588229 NaN -1.0104375880976002 NaN 1.275742435219942 NaN 5.639407468552398 NaN -2.2503462312848006 NaN 5.660997884611694 NaN -3.3947318912602937 NaN 2.715043050213723 NaN 4.306655237349152 NaN 2.4803380042324847 NaN 8.2460735794596 NaN -3.798562331820985 NaN 1.3258310880451294 NaN 2.702831392092875 NaN 4.6630674414147775 NaN 2.1800204649322703 NaN 7.957508777470894 NaN -4.401598492564155 NaN
2.0999999999999774 6.704415921851894 NaN 0.5212137031815623 NaN 8.635006435275034 NaN -0.4630967111011623 NaN 1.2140187509671438 NaN 4.958845833068838 NaN -1.8929199876874452 NaN 6.297349802720457 NaN -3.816342677645765 NaN 4.363449984939351 NaN 2.0453488836126805 NaN 2.5596321607110566 NaN 5.5994600775181915 NaN -2.888343314737496 NaN 2.0630865772935554 NaN 3.4347239061993653 NaN 3.9051519955764245 NaN 2.3186975324014987 NaN 6.786085690784192 NaN -3.4763435211665015 NaN
2.1499999999999764 6.811490955541336 NaN 0.7945685947006573 NaN 8.045167198368196 NaN 0.6743106197070473 NaN 1.4092990287322926 NaN 4.183438615605481 NaN -1.0232586206936545 NaN 6.598485695975876 NaN -2.862473802555077 NaN 5.735690742287565 NaN -0.8857799175215284 NaN 1.1501296441699325 NaN 2.676984343095072 NaN -1.2583255561987685 NaN 2.847028478770035 NaN 3.5828044204567515 NaN 2.474906939000847 NaN 2.4371270219094097 NaN 5.032854593367453 NaN -0.5283812189441963 NaN
2.1999999999999753 6.992750233773373 NaN 0.6407067127472934 NaN 7.814063722052229 NaN 1.7967743700665124 NaN 1.6416874095401057 NaN 3.0949804729465904 NaN -0.17222073674739974 NaN 6.5275526833963795 NaN -2.7305578780268096 NaN 6.971471790934212 NaN -3.55040888448847 NaN -0.1298481644608533 NaN -0.23439608499140152 NaN -1.2262233362193975 NaN 3.1170551812874026 NaN 4.303119270756541 NaN 1.4234992469451884 NaN 2.7117832417422165 NaN 3.0318623885585714 NaN 1.2198363832945487 NaN
2.2499999999999742 6.543252487120744 NaN 1.1008430393965103 NaN 7.050164613999555 NaN 2.8689213354032486 NaN 1.981205825494395 NaN 2.1851386605661856 NaN -0.20483261989609258 NaN 6.737118979387894 NaN -2.2701167883345397 NaN 7.769240945070678 NaN -4.940884073985389 NaN -0.5282707040428116 NaN -2.1948416834020343 NaN -1.6692706996547342 NaN 3.9102358873980383 NaN 4.440262187116203 NaN 0.3761258542411718 NaN 2.097212081839811 NaN 0.04419830312570422 NaN 2.130393231940998 NaN
2.299999999999973 7.125017381184256 NaN 0.6047419940648991 NaN 6.4800747249620745 NaN 3.9486771025802896 NaN 2.7280287988640652 NaN 0.628428897995082 NaN 0.738484331016826 NaN 6.897517698949915 NaN -1.5425048445914595 NaN 8.012312223302246 NaN -5.207627721717692 NaN 0.5862096386813127 NaN -3.553477021518283 NaN -1.6531583014696887 NaN 4.338761880281719 NaN 4.504508815391459 NaN -0.24144861604667167 NaN 1.9026391672891458 NaN -1.7417586597930261 NaN 1.3668166401156294 NaN
2.349999999999972 7.119339839204349 NaN 0.4694343653815898 NaN 6.187406632660083 NaN 4.222621486839645 NaN 3.217946227629 NaN -0.5477194117406212 NaN 0.8930423603094735 NaN 6.661104019098594 NaN -0.3216856082571706 NaN 8.07618704649813 NaN -5.370047896535894 NaN 1.5354377165955209 NaN -4.359707872029093 NaN -1.3990793693947599 NaN 5.060568007055412 NaN 4.44583522057286 NaN -0.8802852486227051 NaN 2.063994625735196 NaN -3.319376673252896 NaN 0.9894452131296393 NaN
2.399999999999971 7.607783825543525 NaN 0.5426857926173763 NaN 5.887619591388162 NaN 4.320784646798764 NaN 4.198309933256105 NaN -2.0158587420068463 NaN 0.27792939447193044 NaN 5.776596650595961 NaN 0.8056687519108342 NaN 8.033684118201572 NaN -4.170350329808222 NaN 2.458540949339176 NaN -3.8963461535331856 NaN -1.0991878531059582 NaN 5.26750469664469 NaN 4.091621079150602 NaN -0.7351047805907187 NaN 2.270001446560292 NaN -4.1294723771281365 NaN 0.47252292355671366 NaN
2.44999999999997 7.71733463414537 NaN 0.6190806605095145 NaN 5.174700045575219 NaN 4.922060686281606 NaN 3.945195415133427 NaN -2.663507612590839 NaN 0.0010181531666402788 NaN 5.480185155247629 NaN 1.9464726442124987 NaN 7.277638099816118 NaN -2.2201055975780326 NaN 3.132481665815487 NaN -3.1855011436003497 NaN 0.3927724574040337 NaN 5.546725151488453 NaN 2.4895307070283383 NaN -0.2290774159233693 NaN 2.5450870327520785 NaN -4.920068748702242 NaN 0.7829937452891047 NaN
2.499999999999969 7.387666125112176 NaN 1.1033966260089396 NaN 5.189433395383065 NaN 5.087172193304612 NaN 3.282547848387992 NaN -2.886152517689425 NaN 0.6994732093306191 NaN 4.857109694953908 NaN 2.1565515086156957 NaN 6.785230690217971 NaN -0.3375378607423252 NaN 3.6382051528816226 NaN -2.725831219997143 NaN 1.2664733663860175 NaN 6.397428239500252 NaN 0.5736804851980741 NaN -0.20952477481230983 NaN 2.806438045047469 NaN -4.691891409578315 NaN 1.5872713390265427 NaN
2.549999999999968 7.152329311091473 NaN 1.5514020044645949 NaN 4.672482267265274 NaN 5.003253098768746 NaN 2.2022213510517736 NaN -2.6070429842566782 NaN 1.006944528111634 NaN 4.349845926938946 NaN 2.9004392000185004 NaN 4.894754345174084 NaN 1.012674614902055 NaN 3.2988758380895042 NaN -1.2317022466997851 NaN 2.455649588834878 NaN 6.820565202785817 NaN -1.1802225908958213 NaN 0.36963353131089016 NaN 3.655554005720968 NaN -4.2389343769165055 NaN 3.239809488408295 NaN
2.599999999999967 5.466627936113538 NaN 1.8628206703548307 NaN 4.400827802618391 NaN 4.897093234996298 NaN 0.6093706533302174 NaN -2.264110821977099 NaN 1.6039306996794758 NaN 3.5298164026302867 NaN 2.5885222736539673 NaN 3.5779237723574497 NaN 2.150631818930764 NaN 3.9361167194125124 NaN 0.18405855697204343 NaN 3.267947777572219 NaN 7.085003914211752 NaN -2.686084043733774 NaN 1.2407455080309497 NaN 3.9252326032908056 NaN -3.6436785497453705 NaN 4.788106371797858 NaN
2.6499999999999657 3.7485404089587138 NaN 1.7231286658132314 NaN 3.86286045169205 NaN 5.351450182659149 NaN -0.4923900053642744 NaN -1.5039907030952706 NaN 2.4610668053991698 NaN 2.5663383345880697 NaN 2.279140597520542 NaN 1.3978508040271387 NaN 2.8538878252560416 NaN 4.601210611199025 NaN 0.9547132533211996 NaN 4.453135464678042 NaN 7.747629308100811 NaN -3.3447851757636955 NaN 1.8306135449377363 NaN 4.646372838594891 NaN -3.1955028316061287 NaN 6.8221770092272385 NaN
2.6999999999999647 0.5653094124338891 NaN 1.546487795389098 NaN 3.535748484256017 NaN 5.407374503789294 NaN -1.5411539229699356 NaN -0.9342378523648256 NaN 3.053034469457789 NaN 1.3843029242552274 NaN 2.352486039507631 NaN -0.6748550914189968 NaN 2.063336569750192 NaN 5.810507817715159 NaN 0.8492501570366442 NaN 5.319450259028734 NaN 7.18813980094923 NaN -3.2741502418121797 NaN 3.2071865708317904 NaN 4.275899481675952 NaN -3.066926912841149 NaN 7.777768344270921 NaN
2.7499999999999636 -1.9439471227384422 NaN 1.395723251668322 NaN 2.9824686505088325 NaN 5.770256885725395 NaN -2.4541061757615927 NaN -0.04998865991919221 NaN 3.691601581167874 NaN 0.41984612874774746 NaN 2.001155510036719 NaN -2.4163548458510276 NaN 1.453879056583405 NaN 6.578241896163367 NaN 1.738280856674097 NaN 5.615510777881801 NaN 6.173574658536518 NaN -2.754104689838103 NaN 3.888690441186607 NaN 4.658944354975832 NaN -2.390067111970529 NaN 8.760153591820993 NaN
2.7999999999999625 -3.7928618385305706 NaN 0.9890852886521009 NaN 2.700081451550103 NaN 5.440855474768579 NaN -2.9981814099063544 NaN 0.914339947741573 NaN 4.435605441984759 NaN -0.6541298357629086 NaN 1.5257267962301233 NaN -3.265226769920177 NaN 0.3473034525334653 NaN 7.684134739772087 NaN 1.7933401046505815 NaN 6.988857401237731 NaN 5.069839290312883 NaN -2.4517187203884614 NaN 5.08769398578748 NaN 4.24375223268726 NaN -2.236420015941826 NaN 9.56071904272585 NaN
2.8499999999999615 -3.8257866958453737 NaN 1.222651610202362 NaN 2.6831213010685495 NaN 5.712309294039352 NaN -2.5752813243378574 NaN 2.1341372378968044 NaN 4.645691048754242 NaN -1.8888978633731073 NaN 1.3278176465849392 NaN -3.763995056710046 NaN -0.23207801622788637 NaN 8.350877932650072 NaN 1.6776522613946923 NaN 7.127261730788235 NaN 3.420133229075577 NaN -1.8471332526314264 NaN 5.8581119061719376 NaN 3.6154019615287503 NaN -1.6429264754825306 NaN 9.576819059586258 NaN
2.8999999999999604 -3.6376018883520005 NaN 2.0781344682095497 NaN 1.7570504295400007 NaN 5.958798318677821 NaN -2.310174979528801 NaN 3.8830324978683692 NaN 5.484565652533134 NaN -2.249223597600379 NaN 2.2148196740739996 NaN -3.1638645308537394 NaN 0.8997157117801488 NaN 8.230992222628299 NaN 2.013891304026785 NaN 7.542867371677714 NaN 2.893038971328885 NaN -0.9388059590950341 NaN 6.315940616237229 NaN 2.2631324537991833 NaN -1.0195030532972957 NaN 9.657955624897317 NaN
2.9499999999999593 -2.628479465822522 NaN 2.4375830145299475 NaN 1.3828095644108034 NaN 5.8768939882881295 NaN -1.725186018507652 NaN 5.435777685959338 NaN 5.114811845508158 NaN -3.1169318103177495 NaN 1.9897572729314943 NaN -3.004758956771673 NaN 2.1817026544206795 NaN 7.989481312873688 NaN 2.2363647206838486 NaN 7.036024242743419 NaN 1.9872314563744173 NaN -0.44300192351979906 NaN 7.001520438647503 NaN 0.7531917356460562 NaN -0.5537745163458275 NaN 9.187570637674797 NaN
2.9999999999999583 -1.5591896847587814 NaN 2.8110800103683733 NaN 1.1148662826084663 NaN 6.220971817416625 NaN -1.5834255582781331 NaN 6.799977107779969 NaN 4.693029259099353 NaN -2.5714012723849824 NaN 2.56765614006638 NaN -1.898212428037327 NaN 4.308612332514993 NaN 6.254607394958639 NaN 2.4353548702873966 NaN 5.81074587403003 NaN 3.1190275145812283 NaN 0.03664657051053201 NaN 7.133945591853919 NaN -0.5077374756931918 NaN -0.13013236706268028 NaN 9.311615000247016 NaN
3.049999999999957 0.6212254000628563 NaN 3.1095385810454106 NaN 0.1865407416202885 NaN 6.040208667433013 NaN -0.8704358308691301 NaN 7.997466249613592 NaN 3.74492726398585 NaN -2.2654550883693627 NaN 3.7254778914177464 NaN -1.9095223553752643 NaN 5.7260726342199275 NaN 3.6304577522523487 NaN 2.0488670903384354 NaN 4.017559788443573 NaN 3.679497214518082 NaN 0.2784704159055552 NaN 7.621139501497321 NaN -1.1397575053289368 NaN 0.30576025159981596 NaN 9.764647419080873 NaN
3.099999999999956 1.3013336755358924 NaN 3.2875933040660428 NaN -0.5795204777559051 NaN 6.540809346941338 NaN -1.052594598520217 NaN 8.717353452348352 NaN 3.3180280472729384 NaN -1.6919878922559313 NaN 4.033901335743282 NaN -0.8260110167782 NaN 7.496797736988288 NaN 0.013340070078052851 NaN 0.7439405713024523 NaN 1.9703949865667427 NaN 4.07318671059556 NaN 1.1255176785401462 NaN 8.122618480612935 NaN -2.0356888528685544 NaN 0.6161119804031612 NaN 8.940807830384744 NaN
3.149999999999955 1.8274124222045898 NaN 3.902864600812594 NaN -1.0168947858673936 NaN 6.82460067450798 NaN -0.7520808359227497 NaN 9.407411339818587 NaN 2.8597335263886876 NaN -1.6060910690981456 NaN 4.620466801432269 NaN -0.9940405938361849 NaN 8.23291608890342 NaN -2.8494241980680024 NaN 0.0008005585779981145 NaN 0.6819707432670948 NaN 4.244018541635931 NaN 1.0195962737630446 NaN 7.841670071607781 NaN -1.9385278861144408 NaN 0.9246782955923611 NaN 8.816319611172426 NaN
3.199999999999954 2.2699631738236707 NaN 4.831153276840131 NaN -1.6989952837559952 NaN 7.305686414812777 NaN -0.4464561892077328 NaN 9.548829932460258 NaN 2.571276106706315 NaN -0.877220502164925 NaN 4.990013088161042 NaN -1.2331842261130217 NaN 9.438649461185095 NaN -4.650259226552932 NaN -0.5634001224741438 NaN 0.28089137218008514 NaN 4.421976912879512 NaN 1.5550924525712206 NaN 7.565235374503938 NaN -1.4739446336158306 NaN 1.7750803743582653 NaN 8.3414930443735 NaN
3.249999999999953 2.8266666322334126 NaN 6.05747018889124 NaN -1.9836697754300363 NaN 7.732924336417244 NaN -0.20881784050028782 NaN 9.633660131215828 NaN 2.7610078270392973 NaN -0.6874342548709432 NaN 5.5217221262225165 NaN -0.8302044356764973 NaN 9.424083111145418 NaN -3.9816362826184144 NaN -0.36132286465787355 NaN -0.19885480265541855 NaN 4.1697996257421845 NaN 1.6714883369571465 NaN 7.2404406793681755 NaN -0.0984656754929932 NaN 2.2117889264796835 NaN 8.473223112818118 NaN
3.299999999999952 3.0856967736565175 NaN 6.092097454191043 NaN -2.203641697864448 NaN 8.394705819618201 NaN -0.21533096913664102 NaN 9.39956251444969 NaN 3.382321909216258 NaN 0.118779256023264 NaN 6.1297296892151225 NaN -1.061079289569163 NaN 9.159275384435434 NaN -2.4631968432346385 NaN -0.604446237159208 NaN -0.5812370550618675 NaN 4.413898991379332 NaN 2.243178700113461 NaN 6.177121130106675 NaN 1.1260794414919064 NaN 2.9219721206252496 NaN 7.49488495935319 NaN
3.349999999999951 3.5493019069573695 NaN 6.277017429802636 NaN -2.791314839514531 NaN 8.815667302743611 NaN 0.06534182282581774 NaN 8.98706988390842 NaN 4.0365188066045015 NaN 0.41644131478065144 NaN 6.468000819455634 NaN -0.7775499162271555 NaN 7.999458101933442 NaN 0.8965655456256869 NaN -0.11193797416026866 NaN -0.6005945916679639 NaN 4.130942147683328 NaN 2.3078434170290665 NaN 4.546733921150142 NaN 1.6552359485352888 NaN 3.7410283374991313 NaN 7.247040957581294 NaN
3.3999999999999497 3.438859756393729 NaN 5.556340353093368 NaN -2.4087913301907133 NaN 8.940136601615206 NaN 0.12928824336071126 NaN 8.90673497169098 NaN 4.617158287885772 NaN 0.24308220398730565 NaN 6.440896032666861 NaN -0.8538558330170194 NaN 7.531836168639355 NaN 2.8698562652542203 NaN 0.852517740974941 NaN -0.15406309137532292 NaN 4.690744256938494 NaN 3.377361992961889 NaN 3.034071788226786 NaN 2.083233039422351 NaN 3.512052047272638 NaN 5.822857063203287 NaN
3.4499999999999487 3.706461557146696 NaN 3.74854894815891 NaN -1.6788177631615364 NaN 8.782484845396919 NaN 0.30277946223893526 NaN 8.451171166663126 NaN 5.441733241093511 NaN 0.6794249148358038 NaN 6.90422695627763 NaN -0.5643972925847784 NaN 6.228788296991842 NaN 4.412134337629768 NaN 1.1916533161839886 NaN -0.38262507952126046 NaN 4.271840395173666 NaN 3.6512674072780076 NaN 1.6155130849516939 NaN 2.1873583939247525 NaN 5.4105268423804 NaN 4.558186553266592 NaN
3.4999999999999476 3.772022602067797 NaN 1.5096845611413412 NaN -0.8424766224872515 NaN 9.058783469285661 NaN 0.8495113779151682 NaN 7.962577815341978 NaN 5.613879158099057 NaN 0.24954389905187616 NaN 7.051991217739476 NaN -0.5864006902624912 NaN 5.49497462481796 NaN 5.079704085480393 NaN 2.7675589933172557 NaN -0.7177703950950063 NaN 5.110112578979325 NaN 3.640349212156796 NaN 0.7105134060887627 NaN 2.014943883503925 NaN 6.653472960307719 NaN 2.6775604134709194 NaN
3.5499999999999465 3.439272923927017 NaN -1.2510386989359317 NaN -0.3245077151037059 NaN 8.735957022719647 NaN 0.5899104743128837 NaN 7.448558209646568 NaN 5.618803812487105 NaN 0.2433805096767186 NaN 7.361283028924562 NaN 0.15696923236321003 NaN 4.954956833798321 NaN 5.414421027560646 NaN 4.028158193019413 NaN -1.251225069494529 NaN 5.661112790784529 NaN 2.4467688701993198 NaN 0.2295832666387139 NaN 1.4201595370895534 NaN 7.788379879648329 NaN 1.1135179938627737 NaN
3.5999999999999455 4.090122988599965 NaN -2.89043395449709 NaN 0.11687918385040358 NaN 8.685025518684935 NaN 0.753455607934528 NaN 7.061703023403536 NaN 6.09311497788517 NaN -0.33130848011363023 NaN 7.443970095006489 NaN 0.3315079084924903 NaN 4.545220732273698 NaN 4.8949723022331755 NaN 4.944766654975699 NaN -1.6073195013219679 NaN 5.9947154622644625 NaN 1.5032486291259224 NaN 0.008605884169241185 NaN 0.6810420875256917 NaN 8.272114385062812 NaN 0.0018236577030563972 NaN
3.6499999999999444 4.313434489779685 NaN -4.115067216192718 NaN -0.0005124722070372068 NaN 8.666905350566628 NaN 0.7140766209175118 NaN 6.917181037566034 NaN 6.1963601365534275 NaN -0.6468174838033577 NaN 7.305185565110394 NaN 0.8106158286429401 NaN 4.46557379809069 NaN 4.760315963893176 NaN 5.105648788217206 NaN -1.7940378430174624 NaN 7.2511112569509 NaN -0.036322262305759606 NaN 0.34618447648020517 NaN 0.7005308315872774 NaN 8.262585788250266 NaN 0.4378323562263219 NaN
3.6999999999999433 4.272315243808877 NaN -4.565633581919177 NaN 0.9734121727555066 NaN 8.986816206436297 NaN 0.5266321184862559 NaN 6.172056986196532 NaN 6.618993739603394 NaN -0.3960907825805087 NaN 7.532344311068022 NaN 1.253530215315156 NaN 3.8279100852837784 NaN 4.113725042790838 NaN 3.5124608704506466 NaN -1.858343567372505 NaN 8.593548765264158 NaN -1.593398099108224 NaN 0.7230580346642814 NaN 0.6471664319202584 NaN 7.246691483293432 NaN 1.2342544237134743 NaN
3.7499999999999423 5.039321936668489 NaN -4.277081795389767 NaN 2.427372821155956 NaN 8.690375128442254 NaN 0.9032062102242672 NaN 6.345142295806647 NaN 6.293808781397733 NaN -0.478429641046259 NaN 7.179649807448267 NaN 1.8234453075080899 NaN 3.0916794135541195 NaN 3.7867963147652217 NaN 1.9945943945162792 NaN -1.2002583552594606 NaN 8.861345382538769 NaN -3.0943749396769604 NaN 0.8272852368815925 NaN 0.2686099048146902 NaN 5.788107751473482 NaN 2.83753203056641 NaN
3.799999999999941 5.127465379051668 NaN -3.6486919425562516 NaN 4.037342061362299 NaN 8.685484620887003 NaN 0.9184608450101691 NaN 6.425742204647111 NaN 6.206022150452153 NaN -0.288248713342912 NaN 6.67904794660408 NaN 2.2019908973489475 NaN 2.7574124857389846 NaN 3.5751589331262874 NaN -0.4082596298839942 NaN -0.44222851284250503 NaN 9.479692107655882 NaN -3.211880757161645 NaN 1.4476108544069402 NaN 0.4265037918252512 NaN 3.701693136130323 NaN 3.5745760376828764 NaN
3.84999999999994 5.451167517734166 NaN -3.2209420758811906 NaN 5.524139018423638 NaN 8.724749191822758 NaN 1.3020724627915103 NaN 6.255212826084363 NaN 6.626205985194355 NaN -0.9693644574492954 NaN 6.597984365668924 NaN 2.7318583962453267 NaN 1.94672725570179 NaN 3.5517234297534803 NaN -2.031229578157415 NaN -0.30866247360330007 NaN 9.46162398389548 NaN -3.622611910662343 NaN 2.748618310500657 NaN 0.7529388924380463 NaN 1.83127150603889 NaN 3.097842818936458 NaN
3.899999999999939 4.9019485225875385 NaN -2.816411377029771 NaN 6.851539706652451 NaN 7.536809034417773 NaN 1.4337610216226837 NaN 5.850975304605928 NaN 6.683554762589699 NaN -0.9050645420418337 NaN 6.703349186561873 NaN 2.7246344022033897 NaN 1.081845458927714 NaN 3.2469958630265263 NaN -2.3421337024959628 NaN 0.44234221905057197 NaN 9.308825073571317 NaN -2.683787877344492 NaN 3.5351957896310973 NaN 0.7542860788342147 NaN -0.3988388927948127 NaN 1.7652704043487562 NaN
3.949999999999938 3.4650358461147177 NaN -2.2210439478117734 NaN 8.21897783544625 NaN 5.284511410666183 NaN 1.8387329477439676 NaN 5.430013180563026 NaN 6.720198492350132 NaN -0.9073015129676044 NaN 5.987712206964678 NaN 2.8809719889495 NaN 0.3747410590565369 NaN 3.420986376083205 NaN -1.4031887513044794 NaN 1.7544260931798068 NaN 8.784373718857275 NaN -2.093053035463076 NaN 4.042322201968541 NaN 0.6182500005025966 NaN -2.0511706697288328 NaN 0.4593816088758723 NaN
3.999999999999937 2.9604259586301334 NaN -1.404580591269114 NaN 8.938931429150891 NaN 2.1614476733259904 NaN 2.188052834111927 NaN 5.377529626086492 NaN 6.8155232086091155 NaN -0.9121941503266762 NaN 5.614385030751184 NaN 2.920279009946333 NaN -0.49821533054725964 NaN 3.3154011110837 NaN -0.8798709758017375 NaN 2.568628884226567 NaN 8.324484483715741 NaN -1.0550204616099108 NaN 4.318225993822186 NaN 1.3144294040777755 NaN -3.1336705937623366 NaN -0.34354674432084953 NaN
4.049999999999936 2.380021563709162 NaN -0.7267501631194968 NaN 9.630731727906854 NaN -1.3232209083010005 NaN 1.9576407951391381 NaN 4.390652140641638 NaN 6.51032756827047 NaN -0.7531609188171011 NaN 5.81520332000607 NaN 2.6952132714506996 NaN -1.2417123520975215 NaN 4.037566534354197 NaN 0.5542784991254978 NaN 3.692744312456474 NaN 7.554762763814638 NaN 0.4721276274890539 NaN 4.377482834883813 NaN 1.2969604580022258 NaN -3.2507717353632164 NaN -0.8155800861690815 NaN
4.099999999999935 1.6298208947769166 NaN -0.31435070445718094 NaN 10.228677675122379 NaN -4.170639981538652 NaN 2.4417546851786422 NaN 3.865862992678227 NaN 6.672778342744721 NaN -0.5776216776737226 NaN 5.285241301396375 NaN 2.3694265491986872 NaN -1.312333889374335 NaN 4.5968115089824195 NaN 1.4597405645592403 NaN 4.538233200142452 NaN 5.53575274291636 NaN 1.3342672506037812 NaN 4.226760992677142 NaN 1.467867986394898 NaN -2.9007325805643305 NaN -0.3902459539709494 NaN
4.149999999999934 -0.009910364904312824 NaN 0.05721529109586963 NaN 9.97884712288729 NaN -5.152682361111361 NaN 3.856260875057732 NaN 2.7672704448616336 NaN 6.898540124338983 NaN -0.7590362848856727 NaN 5.0979209553969005 NaN 2.574819388518137 NaN -1.591484114545295 NaN 5.757902574663802 NaN 1.1812402247225149 NaN 5.532913374789792 NaN 3.7909659521334627 NaN 1.821481413313136 NaN 3.8852164454951446 NaN 1.5220185651794482 NaN -2.296405743961911 NaN 1.723752262504709 NaN
4.199999999999933 -2.0168807936024975 NaN -0.3644142253233201 NaN 10.2885076616661 NaN -5.723048122619204 NaN 4.80942016217313 NaN 0.903937770528226 NaN 7.049824707155171 NaN -0.2631885284195717 NaN 4.7785721468042714 NaN 2.1797192389723516 NaN -0.9539300827426209 NaN 6.680381851146477 NaN 0.9574315407719605 NaN 5.9948838053903835 NaN 2.2783333636313383 NaN 1.1726019042873408 NaN 3.6293639524991144 NaN 1.8870386799097876 NaN -1.2968048128766518 NaN 3.7152492808070314 NaN
4.249999999999932 -3.6124174605821753 NaN -0.2717199346791349 NaN 9.941777212574804 NaN -3.409288638651944 NaN 5.191070845403546 NaN -0.9635144019073171 NaN 7.171813354508285 NaN 0.07966796164863083 NaN 4.333991601146371 NaN 2.1684968835122596 NaN -0.6852073591276413 NaN 7.759685593064026 NaN 0.07512297228910267 NaN 7.10884980202655 NaN 0.6456233970913805 NaN 0.6657921680180634 NaN 2.9580452657502856 NaN 1.8265339176810886 NaN -0.045084299531273686 NaN 5.084895625610833 NaN
4.2999999999999305 -4.068468406540414 NaN -0.08840100503037324 NaN 9.540758734671783 NaN -0.8319190905979094 NaN 5.123095139279306 NaN -2.279363767276041 NaN 7.328763840375606 NaN -0.319240434427704 NaN 3.947948218923695 NaN 1.5587610130891398 NaN 0.4532608451085201 NaN 9.259575714330394 NaN -1.1774800970627322 NaN 7.932956198016174 NaN -0.8528104456939862 NaN 0.07811998311521474 NaN 2.8590233130954226 NaN 1.959295153655084 NaN 1.2438497020784287 NaN 6.252386487067669 NaN
4.3499999999999295 -4.1420048684299315 NaN 0.4696123325607935 NaN 8.265838981472998 NaN 1.826000321587538 NaN 4.928592399358421 NaN -3.3221259890237644 NaN 7.779820290577425 NaN -0.4345009868276789 NaN 3.3985938589884648 NaN 1.2153080623358228 NaN 1.5130899345664903 NaN 9.825374137127262 NaN -2.4126753533325935 NaN 8.028956583948665 NaN -0.6309577082171152 NaN -0.15954394762053115 NaN 2.53372681735733 NaN 1.5859201438326214 NaN 2.447658445665767 NaN 6.243174872475403 NaN
4.399999999999928 -3.819842169181076 NaN 1.0726691469246437 NaN 8.128438434513734 NaN 3.9832496251132428 NaN 5.210092181483928 NaN -4.329103374192396 NaN 8.412702981183056 NaN -0.26640888286906445 NaN 2.5565974583469364 NaN 0.7826103370976282 NaN 2.580254241023666 NaN 9.994817742962368 NaN -3.1173102665167383 NaN 8.17704146660649 NaN 0.5915143515631485 NaN -0.9026155129673978 NaN 2.675918170152391 NaN 1.3406065613679108 NaN 3.727324635749879 NaN 5.832042824228321 NaN
4.449999999999927 -3.326087594894371 NaN 1.6136078915081675 NaN 6.7562511481019625 NaN 4.938737015934656 NaN 5.450733148415644 NaN -4.441721192291697 NaN 9.018166301831199 NaN -0.07992197462796402 NaN 2.2599623716309925 NaN -0.042481683780556376 NaN 4.168511968388028 NaN 9.90163085351357 NaN -2.691436338426812 NaN 8.604350519642784 NaN 2.2387510813405957 NaN -0.9350460792293536 NaN 2.4602993031780813 NaN 1.2494481405301818 NaN 5.032772233243853 NaN 4.763230416252659 NaN
4.499999999999926 -2.233781735089209 NaN 2.4871013189482682 NaN 5.994225337478341 NaN 5.586914264362619 NaN 5.432798451419978 NaN -4.86051902735943 NaN 9.555334954314464 NaN -0.2170664231488763 NaN 1.6537084540333558 NaN -1.0073199914714526 NaN 6.477304751014156 NaN 7.796953892191602 NaN -1.9901226365296547 NaN 8.255484062686486 NaN 3.112136661466626 NaN -0.19783865953965524 NaN 2.213742871774851 NaN 0.8143983517362521 NaN 6.321842305510087 NaN 3.7421595326616455 NaN
4.549999999999925 -1.2570759175426203 NaN 2.713369107485128 NaN 4.69711809941879 NaN 5.4268862009907295 NaN 4.350882561325316 NaN -4.56632640589702 NaN 9.378027449640868 NaN 0.3153563475226927 NaN 0.8738992982350993 NaN -1.2945929106107 NaN 8.826855912462996 NaN 6.435453531122215 NaN -0.7529004259319281 NaN 8.146661634410808 NaN 4.475971212862777 NaN -0.15523660990582017 NaN 1.9424847736214697 NaN 0.7523116075343934 NaN 6.333941918379442 NaN 3.4607903743004007 NaN
4.599999999999924 -0.525833922871593 NaN 3.5817366553902925 NaN 3.551443489884929 NaN 5.027984519528156 NaN 1.9739987272853208 NaN -3.7908191218023406 NaN 8.877544101335664 NaN 0.44015573398082986 NaN 1.071800424484275 NaN -1.9444522753666782 NaN 10.529335877270304 NaN 4.531156355136203 NaN 0.4676329527103609 NaN 8.576574822433617 NaN 4.579912811644276 NaN -0.16740653536006805 NaN 1.809433481467084 NaN 0.31323971826587316 NaN 6.313275972313212 NaN 3.428793654191802 NaN
4.649999999999923 0.02862023863783436 NaN 3.8222716058744757 NaN 2.101639664455094 NaN 4.576061231377279 NaN -0.3840674122943801 NaN -3.113970755963134 NaN 7.769909788951395 NaN 0.0957630472747848 NaN -0.023464603453747623 NaN -2.442131663587909 NaN 11.647052609821237 NaN 3.316006912504419 NaN 1.0098779503211686 NaN 8.259148730394509 NaN 4.552001399170837 NaN 0.38125102350853646 NaN 0.9661468735656515 NaN -0.7285301659263675 NaN 5.782793857618657 NaN 4.25920473489368 NaN
4.699999999999922 0.5403549468466005 NaN 4.390010219581513 NaN 0.8424789777871914 NaN 4.096574510224422 NaN -2.757300007900391 NaN -2.233458102529375 NaN 6.934424288768751 NaN 0.3038014985878701 NaN 0.08032240091194695 NaN -2.1830172573265902 NaN 12.405047060089638 NaN 3.0687320648857157 NaN 1.5743536729133254 NaN 8.47730724918731 NaN 3.999296504248908 NaN 0.7895367216739837 NaN 0.8220501588616775 NaN -0.7601939924841443 NaN 4.856277297651161 NaN 5.724080008212815 NaN
4.749999999999921 0.8318360828161315 NaN 4.804462035264289 NaN -0.6981020094219601 NaN 3.9772241165420854 NaN -2.962836286882414 NaN -1.8837863282651264 NaN 5.499119881115175 NaN 0.809265121599928 NaN -0.4045440218964264 NaN -2.4642118641630923 NaN 12.235443710773566 NaN 3.1535216605737557 NaN 1.441236174279327 NaN 8.900957271713002 NaN 3.3649618265834405 NaN 1.2860158552603036 NaN 0.07507800127965272 NaN -1.3480648953574121 NaN 4.484204720001122 NaN 6.1242524927356605 NaN
4.79999999999992 1.4438220463151046 NaN 5.481178796713573 NaN -1.9836649920190461 NaN 4.154622184839546 NaN -2.943143146313044 NaN -1.4544037698002041 NaN 3.7655036203764207 NaN 1.6955483670638605 NaN -0.8780460299897667 NaN -1.6525614375428188 NaN 13.084360906606115 NaN 2.642584454448126 NaN 1.4319908231739753 NaN 8.706948718341533 NaN 3.1417154168345056 NaN 1.9671159553952586 NaN -0.34636438919494594 NaN -1.2987701841348607 NaN 4.243900059415196 NaN 6.398520789318897 NaN
4.849999999999919 0.7268165033215603 NaN 6.398186480022915 NaN -2.9594354409345835 NaN 4.207604716267776 NaN -2.2421702114393636 NaN -0.8104376392135133 NaN 2.3204869639382486 NaN 2.652228325163814 NaN -0.8879425220375012 NaN -1.6865487315655256 NaN 12.718949248416996 NaN 1.8800251904510585 NaN 1.329973329207724 NaN 8.967633693165538 NaN 2.9850055309771313 NaN 2.2024200800282006 NaN -0.624784065227207 NaN -1.2349769999512652 NaN 3.630772181896666 NaN 6.908469597298573 NaN
4.899999999999918 0.3793538650720112 NaN 6.8682527044096195 NaN -3.28002194248459 NaN 4.645895228641042 NaN -1.0326837573452496 NaN -0.9630201260659168 NaN 1.9354821196582008 NaN 3.7171297554986773 NaN -0.6965151522162345 NaN -1.0817426929211755 NaN 12.608790369793892 NaN 0.8971458722651338 NaN 1.657412639698471 NaN 7.809657011370281 NaN 3.39259284919671 NaN 3.017266892866271 NaN -1.2847123071804452 NaN -0.8292808194275048 NaN 3.1444252474205565 NaN 6.539141136257303 NaN
4.949999999999917 -0.32844505100401383 NaN 7.1709625887252635 NaN -3.2296765149783737 NaN 4.8439672099317015 NaN -0.02291234884457108 NaN -0.6140733861145027 NaN 1.6504861375297737 NaN 4.600812741983915 NaN -0.7363921231008457 NaN -0.20273709557005767 NaN 12.075510097838473 NaN -0.5299761689478096 NaN 1.6513663634536282 NaN 6.428892737643254 NaN 3.895055259911807 NaN 3.8151567261060793 NaN -1.6687065901384093 NaN 0.5692310474954136 NaN 2.9235804259139013 NaN 6.465891372465397 NaN
4.999999999999916 -0.6614572697317973 NaN 7.144848119793319 NaN -2.3379853385922895 NaN 5.3771785099559715 NaN 1.1209689675355954 NaN -0.874954714427757 NaN 1.4649202473676053 NaN 4.395028376883482 NaN -0.8349425545571131 NaN -0.17995937802312822 NaN 12.077989117879014 NaN -1.5051354096321943 NaN 2.1798048320379317 NaN 4.897324350599057 NaN 4.411912586764587 NaN 3.791431537249175 NaN -1.6018077655214198 NaN 0.9475078695312865 NaN 2.070793586646762 NaN 6.041520333076766 NaN
5.049999999999915 -0.7573160311661022 NaN 6.8039317743432015 NaN -0.8184731382236936 NaN 5.42331179857533 NaN 1.8188464748999031 NaN -0.9251073915521365 NaN 1.7199358671495715 NaN 3.0357502561222343 NaN 0.08593156183923573 NaN 0.442740673609195 NaN 11.729061988417602 NaN -1.896397276063294 NaN 2.4642844630307903 NaN 3.110026416423958 NaN 4.421382906952703 NaN 4.221708783994986 NaN -1.4038866480206629 NaN 2.4492334596489185 NaN 1.081422350462268 NaN 5.464549869541544 NaN
5.0999999999999135 -1.3065987254815106 NaN 6.486610984911719 NaN 0.47002883083824476 NaN 5.307789860302361 NaN 2.388440672924906 NaN -0.7860052570688507 NaN 2.1767571705368933 NaN 1.171293964201587 NaN 0.5765956150792813 NaN 0.8930105265761452 NaN 11.390621682300237 NaN -0.6427999861382503 NaN 2.524707912323145 NaN 0.8623316000730729 NaN 3.5695902884675577 NaN 3.801641920632795 NaN -1.1293990749350549 NaN 4.000519814824667 NaN -0.33541495696276624 NaN 5.680244296117844 NaN
5.149999999999912 -1.2553575644910615 NaN 6.205615627058818 NaN 2.1093189119776183 NaN 5.538061466420382 NaN 2.266584633115104 NaN -0.09753523651117646 NaN 3.092371805874494 NaN -0.9293562030742379 NaN 0.33171361643832553 NaN 1.5694497629566082 NaN 11.72639585071485 NaN 0.545051991282074 NaN 3.5176403898568225 NaN -1.2787760747453327 NaN 2.5051565712348394 NaN 2.9715204541431866 NaN -0.7251149725954892 NaN 5.362972320312687 NaN -1.410609621324193 NaN 5.32525009457909 NaN
5.199999999999911 -0.9827640029066423 NaN 5.424030969500869 NaN 3.4089967878745355 NaN 6.428698228910775 NaN 1.5103302035575856 NaN -0.4046562988904869 NaN 3.8031900440506337 NaN -2.87464998745142 NaN 0.8077113003338402 NaN 2.4390751413101035 NaN 10.432439324371456 NaN 1.7457154105072723 NaN 3.9831505008916093 NaN -3.2569113404778496 NaN 1.7631988350590715 NaN 2.074249208512193 NaN -0.295766280086442 NaN 6.168513508951311 NaN -3.0824093788120632 NaN 5.281942635595217 NaN
5.24999999999991 -1.2290771377392515 NaN 5.3073901868521505 NaN 3.728886656031685 NaN 7.311321972717545 NaN 0.011129201151906076 NaN -0.16521396210715206 NaN 4.54338806592918 NaN -4.264285141516287 NaN 1.113581231451136 NaN 3.2764910227724866 NaN 8.71209699967709 NaN 3.367309187358454 NaN 4.469344161712569 NaN -4.027820056734198 NaN 1.8937545064387575 NaN 1.4784402613009566 NaN -0.23853909634765744 NaN 6.954343419266676 NaN -3.9095167712895624 NaN 5.723450014358467 NaN
5.299999999999909 -1.0126115370885884 NaN 4.912684135773091 NaN 3.68076628353267 NaN 8.393470126956617 NaN -0.500216774454671 NaN 0.9185704120735727 NaN 5.827059221486842 NaN -4.573365766015146 NaN 1.7954542861867608 NaN 3.9486867972217943 NaN 6.836721708012182 NaN 4.506004608148108 NaN 4.846032344224532 NaN -5.006298443009309 NaN 2.7205165302916656 NaN 0.1387059832299044 NaN 0.04253990163453161 NaN 7.390066217844856 NaN -3.870915200927609 NaN 5.829389145415809 NaN
5.349999999999908 -0.5208086877896183 NaN 4.388032642859711 NaN 3.405089082137678 NaN 8.053685191562298 NaN -0.9804293474123804 NaN 1.7283253758084212 NaN 6.340463831769513 NaN -4.935178690248888 NaN 4.014866859987832 NaN 4.871223175025356 NaN 4.4124686071835955 NaN 4.457212483995903 NaN 4.889948246366039 NaN -4.509242394977721 NaN 4.392888925859258 NaN -0.9910237394784641 NaN 0.6142592379297702 NaN 7.194601659428942 NaN -3.2240411858924674 NaN 5.4004165449985075 NaN
5.399999999999907 -0.23302518623497437 NaN 4.387095321955417 NaN 2.7465212447620933 NaN 6.890693704331496 NaN -0.9597936057981216 NaN 2.7086696990831447 NaN 6.301164258153623 NaN -4.531639134851508 NaN 5.720124090390562 NaN 5.3461708325708885 NaN 2.038455445647396 NaN 3.987519617960074 NaN 4.1880659763514965 NaN -4.4719802983356765 NaN 5.38417395488448 NaN -2.6244246737802013 NaN 1.1139656275422967 NaN 6.924830262698246 NaN -1.830893154710423 NaN 5.363140121383572 NaN
5.449999999999906 0.22913705562310577 NaN 3.400813870808014 NaN 1.99352845165284 NaN 4.1043876131784245 NaN -0.22982492512788016 NaN 4.034507527929527 NaN 6.25826744074159 NaN -4.178799703544103 NaN 6.80823599430919 NaN 5.609395115833782 NaN -0.1457640090556262 NaN 2.861014851321357 NaN 2.127121558829036 NaN -3.6448643155340146 NaN 6.222770489535006 NaN -3.821631160403036 NaN 1.7798583687527416 NaN 5.994601960262835 NaN -0.06959209434052585 NaN 4.960786808761725 NaN
5.499999999999905 0.47425789102558696 NaN 2.5855303501469935 NaN 1.0394419913156072 NaN 0.3852874273328059 NaN -0.010677695753501248 NaN 4.917673787383563 NaN 5.279013975523325 NaN -3.5458737757418097 NaN 8.155305273250493 NaN 4.338371271162423 NaN -1.5910264635287608 NaN 1.9898991868285498 NaN 0.24238714895380847 NaN -2.964627481651477 NaN 6.120301553314243 NaN -4.165777587628798 NaN 3.2464521115797513 NaN 4.380831856218624 NaN 1.307394697551173 NaN 5.157550842068596 NaN
5.549999999999904 1.2524787568057472 NaN 2.0192104304195873 NaN -0.25137615395479684 NaN -2.331395251889566 NaN -1.1057690562909686 NaN 5.8551749367236345 NaN 3.7549793314147792 NaN -2.6069206520341845 NaN 8.340038279749194 NaN 3.1030505711512273 NaN -2.0639153844768803 NaN 1.6146516542710245 NaN -0.9937894427856018 NaN -2.2143679740854822 NaN 5.589399319191565 NaN -4.4090212335508285 NaN 5.114109202995056 NaN 2.263407215751866 NaN 2.7626664077338394 NaN 4.565215719043706 NaN
5.599999999999903 1.273895351821629 NaN 0.9752687079298876 NaN -1.0765686661714005 NaN -2.939522918302378 NaN -1.2627301466146246 NaN 7.16415192548473 NaN 1.829208176144972 NaN -1.6892187390288051 NaN 8.358451386156107 NaN 0.4887435892722301 NaN -1.7049084979003002 NaN 1.2631286236815198 NaN -1.0892967288419764 NaN -1.785833430024375 NaN 5.598563679501288 NaN -4.467333415253992 NaN 6.737102186174683 NaN 0.17269606061222612 NaN 2.5507312258070782 NaN 5.12505516299996 NaN
5.649999999999902 1.025068355247123 NaN 0.478175627356844 NaN -2.1468784292796337 NaN -1.456528234319241 NaN -1.4085609288235585 NaN 8.180200841605778 NaN -0.005057560888026162 NaN -0.46102687134181936 NaN 7.866961194794674 NaN -1.802546843062193 NaN -1.105490063336248 NaN 1.049151028472605 NaN -1.2805229669014915 NaN -1.006722560296346 NaN 5.464019434450809 NaN -3.6733194841061283 NaN 8.364690456390806 NaN -1.8541929203710565 NaN 2.2291915358540533 NaN 6.5065785952414865 NaN
5.699999999999901 1.5252501914178054 NaN 0.1298215744638768 NaN -2.94018029216047 NaN 0.5301493322827362 NaN -0.3356175691470313 NaN 8.558581513363348 NaN -1.0599338466135022 NaN -0.23156210812976658 NaN 7.671012772115518 NaN -3.2682634185723427 NaN -0.015030680287827086 NaN 1.3436139502089388 NaN -0.3738919933278034 NaN -0.7475454735069993 NaN 4.803569770273727 NaN -3.775942330025319 NaN 9.065897411283142 NaN -2.604064884375486 NaN 1.3671424879872855 NaN 7.344982739586504 NaN
5.7499999999999 0.884414315126475 NaN -0.275470827849432 NaN -3.0909453313325645 NaN 3.262139018835735 NaN -0.024016621127362622 NaN 8.741093199513159 NaN -1.3830682481266514 NaN 0.2991796940831416 NaN 7.415420439327294 NaN -3.85980631950997 NaN 0.9882786459356931 NaN 1.4844603802646636 NaN 0.26019736798579374 NaN -0.18180120235411995 NaN 5.237408865436185 NaN -3.919408617566923 NaN 9.192229171242143 NaN -2.673628785074909 NaN 1.034453286459182 NaN 8.090253987321116 NaN
5.799999999999899 0.049797939550736914 NaN -0.5186734444205388 NaN -3.699919394471465 NaN 5.083927210218205 NaN 0.6493567111616635 NaN 8.68211003294884 NaN -0.643048202105233 NaN 0.46819740434240537 NaN 7.562704960402631 NaN -3.6680760781493893 NaN 2.243225845442589 NaN 1.9041723102226478 NaN 0.6689593796653732 NaN -0.11427103695274399 NaN 4.946496488279338 NaN -3.594050439506753 NaN 9.50281871402444 NaN -1.5239102293095586 NaN 0.3856198150205394 NaN 9.205377516565518 NaN
5.8499999999998975 0.3711631909525532 NaN -0.36516194377709377 NaN -3.6883902770021444 NaN 5.7984181980411424 NaN 1.0095673412979393 NaN 7.807201279776469 NaN 0.7547205172268423 NaN 0.4157375802527147 NaN 7.44522160314216 NaN -3.4107327604010758 NaN 4.15079824161603 NaN 3.0451929834552556 NaN 0.8186335913884952 NaN -0.4271759741791415 NaN 5.387919477381689 NaN -3.640906448223496 NaN 9.292738586658258 NaN -0.14950965304717106 NaN 0.5437928732147458 NaN 9.316461020629896 NaN
5.899999999999896 1.434288528170002 NaN -0.22356723664994266 NaN -2.8428308731574865 NaN 5.680367580750046 NaN 1.3282649675722238 NaN 7.256923960998069 NaN 2.1950045973832117 NaN 0.6040986491302671 NaN 7.99345040605227 NaN -2.9319354807223617 NaN 5.013291058882412 NaN 3.0020157546880135 NaN 1.0456625912052095 NaN 0.4109610078813458 NaN 5.510769484874552 NaN -3.770101199156303 NaN 8.979879379515113 NaN 0.20355845496932817 NaN 0.44882930346987526 NaN 8.514637805957342 NaN
5.949999999999895 2.0167690719093994 NaN 0.09588202878615495 NaN -2.013070295159091 NaN 5.73868661864358 NaN 1.7688592636936322 NaN 5.8128045453786 NaN 3.4446719177365983 NaN 1.3814883480725668 NaN 7.44886750206479 NaN -3.1662376642579484 NaN 6.151127005169958 NaN 2.4985832221224915 NaN 1.0396016597067166 NaN 0.27651444894471605 NaN 5.566723573207554 NaN -3.241433127328341 NaN 8.686141285566325 NaN 0.2702802682137455 NaN 0.4929746054056247 NaN 7.583655753951832 NaN
5.999999999999894 2.5439867359157584 NaN -0.14671171438094405 NaN -1.2940383901553782 NaN 4.289527726643196 NaN 1.3305848722020428 NaN 3.7012790572381555 NaN 4.277556402431863 NaN 1.9451537997103423 NaN 7.451588169924452 NaN -2.506073314787863 NaN 6.666959665929078 NaN 2.707401647919801 NaN 0.8466100993565511 NaN 0.9038787636790001 NaN 5.8941843728403835 NaN -2.487503835140772 NaN 8.223416861593847 NaN -0.3222813669234217 NaN 0.6412121637267888 NaN 6.017351682972417 NaN
6.049999999999893 2.6363945466591963 NaN -0.27769804273682747 NaN -0.5628680926002604 NaN 2.889005477428315 NaN 0.9076525724839888 NaN 2.166588614361254 NaN 4.925218218911056 NaN 1.7605765145454657 NaN 7.1504886654166455 NaN -1.916657364538027 NaN 6.703885649020873 NaN 3.1127311988266264 NaN 0.46732281242379764 NaN 1.2371588945655776 NaN 5.71878054656731 NaN -1.569108677599254 NaN 6.775040494484845 NaN -1.0072147671984866 NaN 1.0205469070114217 NaN 4.140397018878553 NaN
6.099999999999892 1.866567607561139 NaN -0.05856847508198283 NaN -0.029529204797457353 NaN 1.7645783817919474 NaN -0.3035793877136046 NaN 1.0522585221321552 NaN 4.118995795020479 NaN 1.7139701686147686 NaN 6.4621569001524195 NaN -0.6172265924765644 NaN 6.531248887944344 NaN 3.1286001814031152 NaN 0.1854537994780711 NaN 1.7867354779099076 NaN 5.678047774740911 NaN -0.6539319201129917 NaN 6.263583253000545 NaN -1.7450749686041773 NaN 1.488111031092887 NaN 1.9617546116843967 NaN
6.149999999999891 0.39906839717470255 NaN 0.9927575423465447 NaN 0.9687396407321669 NaN 0.654302116013351 NaN -1.6640924816246128 NaN 0.1441923318957009 NaN 3.4980837385369936 NaN 2.3867985109803556 NaN 5.335182593559107 NaN 0.2480281369816063 NaN 6.353708234326831 NaN 2.8950174363656314 NaN 0.09515096772001055 NaN 2.5125037411647266 NaN 5.107117193748942 NaN 0.5788192253048852 NaN 5.184664638404536 NaN -2.961235750309553 NaN 3.21745902155339 NaN -0.2638937038647194 NaN
6.19999999999989 -0.9536658428961611 NaN 1.9310164010733595 NaN 1.6315621532545892 NaN -1.332192830002744 NaN -3.2111059337533874 NaN 0.5590653038354242 NaN 2.8782804824344 NaN 2.8574008622458353 NaN 4.192715073264902 NaN 0.6780092799653905 NaN 6.389783322097345 NaN 3.2514577695856235 NaN 0.41743437792053006 NaN 3.0232414393081397 NaN 4.406309684079892 NaN 1.2742548133930462 NaN 4.849337715932359 NaN -2.9485869515388594 NaN 3.934694260727253 NaN -2.6038314808215803 NaN
6.249999999999889 -1.8516201524301428 NaN 3.3753936660651953 NaN 2.7716192696120476 NaN -1.996812227491318 NaN -3.992675300258374 NaN 1.5348743150794046 NaN 2.0561466116176788 NaN 3.4068222726719672 NaN 2.8417000519631013 NaN 0.5461538642389344 NaN 5.948104458669118 NaN 3.040720348737914 NaN -0.06794058604043435 NaN 3.68175676373022 NaN 3.8022882368171658 NaN 2.4139450417481627 NaN 4.958858658806991 NaN -3.2435324811472146 NaN 4.771955052959141 NaN -4.154053713365241 NaN
6.299999999999888 -2.1172738876804504 NaN 4.832288036527501 NaN 2.8412969975721345 NaN -3.045702332297025 NaN -3.98998764485048 NaN 2.1147633472390712 NaN 2.276230770407243 NaN 4.192238792555314 NaN 1.818602011582259 NaN 0.3947095690894512 NaN 5.930097319730343 NaN 2.8319941284167838 NaN 0.5755153451758015 NaN 4.813295471883113 NaN 2.462197956714272 NaN 2.6188609570474215 NaN 5.213621113022565 NaN -3.0813771233461784 NaN 6.216409059415715 NaN -5.000191065303406 NaN
6.349999999999887 -0.9163081402443906 NaN 5.604731559293651 NaN 2.8142662253715236 NaN -3.7151825426749054 NaN -3.823660195170885 NaN 3.309248789748743 NaN 1.82892300473255 NaN 4.449948511400859 NaN 1.0766798442068446 NaN -0.021980587483432068 NaN 5.374185245033586 NaN 2.701394704760068 NaN 0.7050267720121507 NaN 5.21119405032818 NaN 1.79808356740637 NaN 2.9681127260276683 NaN 5.201159766131388 NaN -3.362138417995279 NaN 6.656059041037977 NaN -5.347537152518449 NaN
6.399999999999886 0.5973911484044383 NaN 5.8312202390937635 NaN 3.423603635782611 NaN -3.3292229735263303 NaN -2.3349259498675137 NaN 3.8863049982685185 NaN 1.2710355441411343 NaN 4.145058387588663 NaN 1.3601639994035069 NaN -0.3946152547728487 NaN 5.183698472770488 NaN 2.845276340134245 NaN 1.2215693318035616 NaN 5.493137102830196 NaN 0.8915977693030204 NaN 3.2528182544677384 NaN 5.339275107924161 NaN -3.264200372715777 NaN 7.779224817701085 NaN -4.61864983082453 NaN
6.449999999999885 2.0221625874584306 NaN 5.648790686413268 NaN 3.5466522806686185 NaN -3.17007700354827 NaN -0.5554127451425255 NaN 3.444918067631976 NaN 1.1112370804195277 NaN 3.0362923476517873 NaN 1.4723732028414347 NaN -0.7067060978936921 NaN 4.885583478607565 NaN 2.482621743699403 NaN 2.031759552415845 NaN 6.6108142093484945 NaN -0.4518036078175347 NaN 3.2752630376121807 NaN 5.132138035680404 NaN -2.3648744351776956 NaN 7.356216325649389 NaN -3.2357029636867436 NaN
6.499999999999884 3.4218342317240973 NaN 4.55070540103155 NaN 3.625158304930242 NaN -2.2484730735762803 NaN 1.2781075001334452 NaN 2.9967575628323413 NaN 0.7734413653218958 NaN 2.186459657425243 NaN 2.538665888399813 NaN -0.3862136657322873 NaN 4.795438243632068 NaN 1.9628128617546363 NaN 2.566953219533126 NaN 6.418645797190136 NaN -0.6398499213218118 NaN 3.697196187364586 NaN 4.781046311671203 NaN -2.183697099198146 NaN 7.510481006162738 NaN -1.833638853071393 NaN
6.549999999999883 3.836145981152847 NaN 3.0988335088065293 NaN 4.123897889256887 NaN -1.2299738705664316 NaN 3.721236347032668 NaN 1.9829062589609718 NaN 0.12928676894053903 NaN 1.5111791189084454 NaN 3.095083853304518 NaN -0.05869113008155946 NaN 3.847956003479893 NaN 1.0620831753475766 NaN 3.2768139449239504 NaN 6.480751294499342 NaN -1.1033131787497292 NaN 4.011403164816599 NaN 3.448733336850594 NaN -1.5037048517938936 NaN 7.578973102776526 NaN -0.17191874381006883 NaN
6.5999999999998815 4.467447554561466 NaN 1.3683742119865134 NaN 4.202348250145052 NaN -1.1593091514890288 NaN 5.137554244890432 NaN 0.6599163227043299 NaN -0.7038379006113924 NaN 0.9698195129525179 NaN 3.444813034835669 NaN 0.017944917719625836 NaN 3.5825640268175976 NaN 0.205041467173539 NaN 4.323105478408306 NaN 6.565348833673261 NaN -1.3365541007088906 NaN 4.327174785220373 NaN 1.7835833074651968 NaN -0.6722918761772755 NaN 7.38454551274307 NaN 1.058423690616416 NaN
6.6499999999998805 5.460525091966978 NaN -0.43270499564412435 NaN 4.428798918457073 NaN -0.33879046822544406 NaN 6.490978454458884 NaN -0.3240348659686575 NaN -1.0026885210560803 NaN 1.0546421674188917 NaN 3.8213368512408104 NaN 0.5631307514825603 NaN 2.638384848918885 NaN -1.0168897756983926 NaN 5.194363922902326 NaN 6.071893619361984 NaN -1.4128025981785344 NaN 4.368887109719684 NaN -0.7739213463226164 NaN -0.59532081598889 NaN 7.523776319559243 NaN 2.1164147082069498 NaN
6.699999999999879 6.46406264887335 NaN -2.116159466014443 NaN 4.304810149359978 NaN 0.2944219897459324 NaN 7.389336358428447 NaN -0.8710172426054175 NaN -1.574427615148421 NaN 1.134748317423933 NaN 4.403343647196822 NaN 0.6775690873284862 NaN 2.0073424064019707 NaN -2.2564953564410084 NaN 6.1517486918329 NaN 6.462446690152445 NaN -0.8395708304834055 NaN 4.922437838013431 NaN -1.798703060993755 NaN -0.016297246438194316 NaN 7.455939663709833 NaN 2.7511355298152647 NaN
6.749999999999878 6.66076499121492 NaN -2.8565696655704516 NaN 4.703045053524743 NaN 0.6095371039950143 NaN 7.105224077964866 NaN -1.2341252405635306 NaN -1.4770385886037167 NaN 1.655352941598548 NaN 4.2126892378115945 NaN 0.9170801628100261 NaN 0.4142969658497896 NaN -3.333306010884729 NaN 6.9939471260751205 NaN 6.765381851581225 NaN -0.7933573887717589 NaN 5.795728102228431 NaN -2.5744669284701587 NaN 0.42961013041862584 NaN 7.181564001002672 NaN 3.344361916609641 NaN
6.799999999999877 6.407185541287556 NaN -3.3906771485889076 NaN 5.062483845732915 NaN 1.5298033961411277 NaN 6.47081722123008 NaN 0.10475668319342016 NaN -1.3706961920376097 NaN 2.0267510950770107 NaN 4.130075003248196 NaN 2.039866068246003 NaN -0.626950598723079 NaN -4.018188185842544 NaN 8.394174519974781 NaN 7.218638213581462 NaN -1.122552821773826 NaN 6.249014358453506 NaN -3.711818440822789 NaN 0.7478511751944769 NaN 7.347698338101615 NaN 3.2288065021556727 NaN
6.849999999999876 4.926021681934962 NaN -2.903454670878228 NaN 5.015707481856189 NaN 2.113032158676505 NaN 5.376961056248529 NaN 0.6186796957972787 NaN -0.9494128671331742 NaN 2.233610482062577 NaN 4.488226029901691 NaN 2.2240493643460364 NaN -1.3515208177759075 NaN -4.212059698498159 NaN 8.780714209073787 NaN 7.026006812924743 NaN -1.0000267179840496 NaN 6.539761736386615 NaN -3.9100511265307283 NaN 1.402903690462338 NaN 7.385183182939918 NaN 3.9263140824545104 NaN
6.899999999999875 2.8850859358401086 NaN -1.8018549712131537 NaN 5.1041337208709185 NaN 2.357650878734177 NaN 4.208341724322279 NaN 2.222321795135085 NaN -0.17612165029500354 NaN 2.23134877905726 NaN 4.536903114004889 NaN 2.506054017327009 NaN -1.6962398188250938 NaN -3.727017470113621 NaN 10.360368206383814 NaN 7.204720901021229 NaN -1.3923045995618202 NaN 6.703920520666305 NaN -3.9881290660778443 NaN 2.8789330784176306 NaN 7.114929090265085 NaN 3.9207974594642003 NaN
6.949999999999874 0.2216343546504853 NaN -0.8423915525965806 NaN 4.893734439966915 NaN 2.8634358612769253 NaN 2.738700831259198 NaN 2.7542488023779534 NaN 0.30294116748529765 NaN 1.830797885496452 NaN 4.446552387437827 NaN 2.9467252431903814 NaN -2.137548343485354 NaN -3.353483021962978 NaN 10.56834735270861 NaN 5.550159581391257 NaN -0.5546350816078757 NaN 6.8312329068072 NaN -3.3797529054158844 NaN 3.9240087995773343 NaN 7.434071582169456 NaN 4.4032269663277255 NaN
6.999999999999873 -1.741350138399046 NaN -0.4988292925691161 NaN 4.973573832872442 NaN 3.0146755091063144 NaN 1.2835553247471274 NaN 2.841601704071265 NaN 1.4860771814850193 NaN 1.3116903385643197 NaN 4.360253261309068 NaN 2.806385984350966 NaN -1.7216809176484742 NaN -2.739722322213005 NaN 10.547026081560407 NaN 2.566205293314602 NaN -0.40624564694786464 NaN 7.0765662178089155 NaN -2.5447562739103264 NaN 4.752466785210861 NaN 7.118677302100703 NaN 4.077197449548716 NaN
7.049999999999872 -2.9113866286892764 NaN -0.5007017033503175 NaN 5.008886252007704 NaN 3.17640330644933 NaN 0.6885426940274932 NaN 3.278317957660115 NaN 2.5263822972838677 NaN 0.16301450634337927 NaN 4.455092891759716 NaN 2.8343347701734007 NaN -1.3787039166371424 NaN -2.511082270473774 NaN 10.04213129953185 NaN -0.9567148653306347 NaN -0.3481663043109886 NaN 7.326916277608599 NaN -1.7031407974496167 NaN 5.599937345547267 NaN 6.957486319670263 NaN 4.455174648170977 NaN
7.099999999999871 -3.613787916831753 NaN -0.1808509592830664 NaN 5.009900182796474 NaN 2.202459998213893 NaN 0.2887303496207766 NaN 3.077617680663665 NaN 3.5231233934633575 NaN -0.862397178325312 NaN 4.021866864338025 NaN 1.9752728810721507 NaN -1.3964384613024374 NaN -1.5656011069762628 NaN 9.19223758866072 NaN -3.8969352715853276 NaN 0.24380148103553242 NaN 6.616107985849042 NaN -0.6965062984350731 NaN 5.921589279871957 NaN 5.010358409104736 NaN 4.5438448265278675 NaN
7.14999999999987 -3.839899048337163 NaN 0.5876284045585245 NaN 5.2696624540398265 NaN 1.0316979361187646 NaN -0.22739860570725312 NaN 2.8837423935627053 NaN 5.3406339771537565 NaN -2.111936715003512 NaN 4.60564285825099 NaN 0.8992225602361388 NaN -0.49570761134556274 NaN -1.3120431334442484 NaN 8.763749645536612 NaN -5.680312930877564 NaN 0.8142054769315434 NaN 6.8061247300459 NaN 0.6820725206338474 NaN 6.753435401647687 NaN 3.2597799169017163 NaN 4.439923764764405 NaN
7.199999999999869 -3.851715493316537 NaN 1.2230934308463772 NaN 6.16539131396755 NaN -0.12779123634706907 NaN 0.21751023143292414 NaN 2.6151148602400296 NaN 5.732536537613121 NaN -2.99702960561769 NaN 4.83973564427595 NaN 0.13604118228783452 NaN -0.09823796854428488 NaN -1.1303684547847115 NaN 8.103136660616645 NaN -5.898813644035439 NaN 2.434872475317881 NaN 6.16189344615037 NaN 1.4552130449191876 NaN 7.765346854642523 NaN 0.4208271820427447 NaN 4.773419256883418 NaN
7.249999999999868 -3.456200936789089 NaN 2.1262238367194675 NaN 6.925821306793326 NaN -1.9921265089766376 NaN 0.7347966770388876 NaN 2.488844692593518 NaN 5.909373981929706 NaN -3.2711318553748465 NaN 5.52848778414806 NaN -0.8814164469784569 NaN 0.8376579169087124 NaN -0.46040838510629506 NaN 8.228444056016496 NaN -6.083921568060976 NaN 5.0025287211169385 NaN 4.772429637437946 NaN 2.195431314930188 NaN 8.662314921433559 NaN -1.6275662312152646 NaN 5.169826276366658 NaN
7.299999999999867 -3.1382634005672827 NaN 3.178660505785178 NaN 7.598104240202333 NaN -2.5588425299069137 NaN 1.5360595021437025 NaN 2.664920403642569 NaN 5.41471369809155 NaN -2.731443981566039 NaN 5.730024888017041 NaN -2.052929557263484 NaN 1.938418894592806 NaN -0.5891191494916306 NaN 7.937684324259434 NaN -5.398677863423738 NaN 6.185674922752126 NaN 3.2784424510890826 NaN 2.4867219531528413 NaN 9.312835818076504 NaN -3.566440074781584 NaN 5.615182437089151 NaN
7.3499999999998655 -2.7678541921411566 NaN 4.0674704424325325 NaN 7.972379092897008 NaN -3.089411010603447 NaN 2.4210857430986255 NaN 3.2978634066157513 NaN 2.827171672337857 NaN -1.2130571583870533 NaN 5.782315287107808 NaN -2.1081973077666443 NaN 2.8880561017411095 NaN -1.120489114446476 NaN 8.328412444920382 NaN -4.607276064587462 NaN 7.13648801024141 NaN 1.8737349077710292 NaN 2.2254096244095942 NaN 9.186178760220823 NaN -3.939051325175362 NaN 6.341326294146309 NaN
7.3999999999998645 -2.1031178595099096 NaN 4.860151466698187 NaN 8.011304437999527 NaN -2.816905829780459 NaN 3.1934475249739243 NaN 3.3897310297112813 NaN 0.8128684667618497 NaN -0.9276536176422384 NaN 6.262176151577243 NaN -2.5703080956775013 NaN 4.0449698294490295 NaN -1.0918956869087635 NaN 7.955311659561977 NaN -3.2872819875723707 NaN 7.479492605599031 NaN -0.17696860191592728 NaN 2.160684800105743 NaN 7.86969593630362 NaN -3.0090914102293524 NaN 5.683176092471258 NaN
7.449999999999863 -0.9787443049272454 NaN 5.61353904682037 NaN 6.08269874121632 NaN -2.597451512512048 NaN 4.524750236278409 NaN 3.59046880285455 NaN -1.5541399200817443 NaN -0.06226791371577434 NaN 6.073874379081006 NaN -2.8491870652779894 NaN 5.251861042892498 NaN -0.8131024281081549 NaN 7.952607938812328 NaN -1.2771059678202652 NaN 6.723862233874106 NaN -2.054479013550078 NaN 1.6505992610081086 NaN 4.7068239705586645 NaN -0.6762181498383509 NaN 6.3874279016476 NaN
7.499999999999862 -0.42802982556689934 NaN 6.561617767726982 NaN 3.0549564960162225 NaN -1.795758937193987 NaN 4.860053171701119 NaN 3.8312036191125265 NaN -3.4528087046467686 NaN -0.23998642419763697 NaN 5.987882133298531 NaN -2.635907454362728 NaN 6.16856184682567 NaN -1.1667697228840144 NaN 8.171324035278351 NaN 0.6262745066709479 NaN 6.46839817305291 NaN -3.330812605656467 NaN 1.5666982500989057 NaN 1.7524910791844035 NaN 0.7113762340749873 NaN 6.756761702011761 NaN
7.549999999999861 0.009552064497085871 NaN 7.263033429417374 NaN -0.8288659369935982 NaN -1.7898007662861688 NaN 5.565680317133003 NaN 4.088173614101135 NaN -3.936837032588424 NaN 0.30876818670821804 NaN 6.2364582898946175 NaN -2.5379489554496333 NaN 6.834558499235273 NaN -0.43875639993436394 NaN 8.095184167915937 NaN 1.8786391471954873 NaN 6.339740855376503 NaN -4.4047518430825505 NaN 1.9639860999715775 NaN -1.8217717131911815 NaN 0.7360744566308327 NaN 6.378830605909815 NaN
7.59999999999986 0.7687434458538749 NaN 7.999095885293719 NaN -4.053803746327111 NaN -1.903507495645077 NaN 6.037013453901849 NaN 4.235504235561658 NaN -4.626082735913009 NaN 0.7786311222015887 NaN 6.564310863954902 NaN -2.166194482401787 NaN 7.4829368955515525 NaN 0.45953763607575143 NaN 7.91258339902172 NaN 2.4833636895061635 NaN 6.259947792371315 NaN -4.37315547007093 NaN 3.1544246939974223 NaN -4.688889178155195 NaN -0.18623881106508866 NaN 6.446398921691629 NaN
7.649999999999859 1.3101543895802437 NaN 8.465324845358568 NaN -5.176514325392584 NaN -1.5177952367624876 NaN 6.778946913644169 NaN 4.700493571638032 NaN -4.19008640253218 NaN 2.303750809735634 NaN 6.822679027968197 NaN -2.0835668589627248 NaN 7.310942246035953 NaN 1.4244286799001544 NaN 8.257086260890336 NaN 2.5442291214187374 NaN 6.559341547196609 NaN -4.511083810629508 NaN 3.993291261060678 NaN -6.338162061358619 NaN -0.7095185585761956 NaN 6.637060495355463 NaN
7.699999999999858 2.231591137115184 NaN 8.497372638895905 NaN -5.1677754114627 NaN -0.8444595301655647 NaN 7.313630234483399 NaN 4.100585270365725 NaN -4.160022483155388 NaN 3.8780613072274126 NaN 6.43094673572615 NaN -1.950277484180407 NaN 7.035684056341906 NaN 2.6148630283910834 NaN 8.297892728472267 NaN 2.943056814842205 NaN 6.375717684794917 NaN -4.174154789570925 NaN 5.404371528020659 NaN -7.388257708839105 NaN -0.21079844840674616 NaN 6.906308822174854 NaN
7.749999999999857 2.430334371981299 NaN 7.106956725037176 NaN -3.9835349125064803 NaN 0.6340593201619578 NaN 7.314401470543622 NaN 3.8394961475159604 NaN -3.7484938284848344 NaN 5.7394146690577195 NaN 6.176408655091849 NaN -1.3413497707339093 NaN 6.890230078301013 NaN 3.134231010665642 NaN 7.834551859405692 NaN 2.7349951502958096 NaN 5.781704709926317 NaN -3.198099562576852 NaN 5.488267224140044 NaN -6.722272771684254 NaN 0.6239055332236312 NaN 6.282364739760158 NaN
7.799999999999856 2.483985430324216 NaN 5.540053140384895 NaN -2.173258230497398 NaN 1.4522658458752193 NaN 8.116113304096038 NaN 2.7084127259477775 NaN -2.6319272242105356 NaN 6.932107402539266 NaN 4.940779878643785 NaN -0.6342241255272113 NaN 6.776133791059797 NaN 3.941712328372712 NaN 6.85440702563096 NaN 2.945865381914862 NaN 4.715973874255791 NaN -2.19834039343083 NaN 5.439709571281882 NaN -6.442306594044636 NaN 2.7525571672070503 NaN 6.389576183886602 NaN
7.849999999999855 2.421061764818991 NaN 3.0798501483398053 NaN -0.7556409341141626 NaN 1.6515042160292273 NaN 8.653454665950697 NaN 1.634278232947576 NaN -1.7225170158187493 NaN 7.8079597376389325 NaN 3.5250294703109333 NaN -0.25489243540940293 NaN 6.856741876070321 NaN 3.52901556324305 NaN 6.112725318209586 NaN 3.1516748172006928 NaN 3.326998583396857 NaN -0.2619657524253711 NaN 5.376786131519318 NaN -6.153153141224725 NaN 4.585922597394387 NaN 5.906876178114033 NaN
7.899999999999854 2.650533468358116 NaN 0.4758869266148252 NaN -0.2654512233976227 NaN 2.4132902167763772 NaN 8.816239111767702 NaN 0.5711507587264897 NaN -1.1476595525515862 NaN 8.941454382159943 NaN 1.598007741218508 NaN -0.2390364457680234 NaN 6.7253571670759795 NaN 3.7325195626958307 NaN 4.194155715290734 NaN 3.165953601120103 NaN 1.362322023649514 NaN 0.40039730917575267 NaN 5.592261767767726 NaN -5.162868907015091 NaN 6.2304988367380805 NaN 4.6750712167770105 NaN
7.949999999999853 3.353441484525371 NaN -2.645393155507766 NaN -0.4945499190518539 NaN 3.1885605835522792 NaN 8.42603697060562 NaN 0.8210238803304422 NaN -0.570011652693156 NaN 9.713661406133276 NaN -0.11010904243673622 NaN -0.15687066109983716 NaN 6.650217888577673 NaN 4.207894298865247 NaN 1.916489560915845 NaN 3.395768681356017 NaN -0.5036876519974935 NaN 0.7561654736484678 NaN 5.533970051801805 NaN -4.366785430496532 NaN 6.601545466671455 NaN 3.2454178855869906 NaN
7.999999999999852 3.4712968375162636 NaN -4.360539297643512 NaN -1.0014601220777044 NaN 3.6918481528835376 NaN 7.0717792043781875 NaN 1.37953294537798 NaN -0.051596927913999044 NaN 10.098147426104019 NaN -1.2210781810706561 NaN 0.0011138431307941565 NaN 6.880396378322125 NaN 4.340808490918935 NaN -0.20922917610100727 NaN 3.3365057723910674 NaN -1.815602091623301 NaN 0.5596267427902373 NaN 5.497636925154287 NaN -3.579098750705518 NaN 6.633440382516672 NaN 1.476889067376173 NaN
8.049999999999859 3.981493940026013 NaN -5.120147108411848 NaN -1.4902316863170744 NaN 4.5505158074815055 NaN 4.647258083768976 NaN 1.9618961882559471 NaN 0.9174806543871707 NaN 9.846136452243115 NaN -1.0269370662821375 NaN 0.6222577954284736 NaN 6.949008583028399 NaN 4.669897076464174 NaN -2.140877412099288 NaN 3.090773571799471 NaN -3.13370175652833 NaN 1.0905876800915797 NaN 5.34190788140287 NaN -2.307399093013267 NaN 6.452853781232988 NaN -0.6112730557034046 NaN
8.099999999999866 4.3513900605601705 NaN -6.006841498594711 NaN -0.9215886889092493 NaN 5.427446243056777 NaN 1.5515596272461691 NaN 2.2928366850483046 NaN 1.1461066619773352 NaN 9.33279357500138 NaN -0.18803870043593443 NaN 1.1603782503125937 NaN 7.150799177505134 NaN 4.772026804090251 NaN -3.8912016068897133 NaN 3.171399785168795 NaN -4.0796636636093 NaN 0.8598175665434606 NaN 5.342837476934436 NaN -0.9391234801178732 NaN 5.702414501078747 NaN -1.9136829096208583 NaN
8.149999999999874 4.594466762170437 NaN -5.74109170398912 NaN -0.2327795237306582 NaN 6.315585674504473 NaN -1.7565194218938815 NaN 2.1135015831856014 NaN 1.8852418897453427 NaN 8.451374441037649 NaN 1.3047715790752932 NaN 1.044855042176791 NaN 7.531576691323204 NaN 5.131526535437493 NaN -4.342119544549802 NaN 4.2763545738646895 NaN -4.115230925603748 NaN 1.9247891548847662 NaN 4.505421666572943 NaN 0.7440852532494228 NaN 5.153046526644628 NaN -3.02642811181978 NaN
8.199999999999882 5.750968371781878 NaN -4.785873467032899 NaN 1.2938760557874542 NaN 6.7142784022357835 NaN -4.52566730112808 NaN 1.6991018976789467 NaN 2.728691544481232 NaN 7.265640122482917 NaN 2.8021693067934987 NaN 2.11847746486082 NaN 7.6505074818951355 NaN 4.692148435981395 NaN -4.484139359341018 NaN 4.845823971921333 NaN -4.309146467405101 NaN 2.17390538490854 NaN 4.14561961363733 NaN 1.9921840217191273 NaN 5.0143280386835185 NaN -3.046889542993074 NaN
8.24999999999989 6.333386841120479 NaN -4.798807035132356 NaN 3.275447628266337 NaN 7.622304085530421 NaN -6.184009734521963 NaN 1.8033170008784756 NaN 4.062758389485604 NaN 5.229191268276948 NaN 3.622750965114104 NaN 2.574841807198827 NaN 7.703090745167192 NaN 5.079545357050763 NaN -4.270615124942708 NaN 6.308192899969128 NaN -4.0842483254071205 NaN 3.527714354442175 NaN 3.4963796110697136 NaN 2.3441122231196996 NaN 5.339023812531125 NaN -4.005567482693309 NaN
8.299999999999898 6.625547772083036 NaN -3.4923336210148195 NaN 4.243496166349594 NaN 7.175695867019107 NaN -5.881133249368 NaN 2.573488430937784 NaN 5.104024510655406 NaN 3.1517745104476016 NaN 4.098718938288333 NaN 3.108078924702064 NaN 6.976686732435446 NaN 4.542900308681564 NaN -4.7568037417383 NaN 6.936690627867316 NaN -3.565332768622745 NaN 4.684555916297024 NaN 2.016088408496313 NaN 2.89236539534739 NaN 5.09416124176415 NaN -3.5753880503751545 NaN
8.349999999999905 6.442692369099183 NaN -2.5778255542008632 NaN 5.181852386200568 NaN 5.672384281485026 NaN -4.825132910532183 NaN 2.8231925110319978 NaN 5.970902760226908 NaN 1.206056091156699 NaN 3.6058490591769456 NaN 4.464824233823838 NaN 6.020093568577238 NaN 4.47962612439229 NaN -3.6888847618287346 NaN 6.773005813351149 NaN -3.1508525583704223 NaN 5.420372016819805 NaN 1.088189291994335 NaN 2.862504608437534 NaN 5.989571023702281 NaN -3.4205235377823255 NaN
8.399999999999913 6.438075100621964 NaN -0.9514882817387909 NaN 5.634893523581925 NaN 3.7028961739652733 NaN -3.8498394550967725 NaN 2.873421834443103 NaN 6.1388690528230105 NaN -0.44528430862291435 NaN 2.908007668533924 NaN 5.905705153575471 NaN 4.467604219734794 NaN 4.517300715485646 NaN -3.554732849187194 NaN 6.747439755070036 NaN -2.289210607600286 NaN 6.116069433904524 NaN -0.05456802851161752 NaN 3.154086345340847 NaN 5.414248495729822 NaN -3.2704969174103606 NaN
8.449999999999921 6.3970021014390905 NaN 0.5810786692150829 NaN 5.789867258992691 NaN 0.6225324517456141 NaN -2.2089746067038747 NaN 2.7287804668593707 NaN 6.122379515746885 NaN -0.3785500588487473 NaN 2.133937711396483 NaN 7.375289965782171 NaN 2.9838973879765742 NaN 4.974084573705958 NaN -3.2698247144768775 NaN 7.201604080463955 NaN -1.1592529802161544 NaN 5.841614611832132 NaN -1.4984008922028078 NaN 2.435803100030471 NaN 4.581314702962232 NaN -2.651384031519024 NaN
8.499999999999929 6.580075442940305 NaN 2.140600410498623 NaN 6.86121239051116 NaN -2.026068766191593 NaN -1.8228166417155625 NaN 2.219820114991965 NaN 4.618205043083197 NaN 0.3408253220172379 NaN 1.9898118812264756 NaN 8.199531099820947 NaN 1.3400250129079982 NaN 4.7069271542446085 NaN -2.3729276690477588 NaN 6.955896571657075 NaN -0.12506254591671262 NaN 6.2763199324444106 NaN -2.705626068044623 NaN 2.739371340521657 NaN 2.986220483357375 NaN -2.1309299660685914 NaN
8.549999999999937 7.001401466317253 NaN 2.3460604457929644 NaN 6.743349962645721 NaN -4.365132387890681 NaN -1.6399542283543143 NaN 1.4357978084833243 NaN 3.411763187304417 NaN 0.962320384817956 NaN 1.8977975354689987 NaN 8.236572059611895 NaN 1.4650183188030086 NaN 4.7625451723005385 NaN -1.9154771295962547 NaN 7.227668052183722 NaN 0.19824036100102313 NaN 6.961717456240802 NaN -2.954357460036237 NaN 2.691645444634154 NaN 1.229053099023335 NaN -0.855005030885995 NaN
8.599999999999945 7.079279465926513 NaN 2.991661868333309 NaN 6.920830825278478 NaN -4.731374662269645 NaN -1.2788589728782331 NaN 1.2344034719516621 NaN 1.5614524391222224 NaN 2.030822988938579 NaN 1.5997714516601484 NaN 6.264561996447535 NaN 1.9227908727650307 NaN 4.795934045722006 NaN -1.2640122627178236 NaN 6.855270881901464 NaN 0.3121410037628989 NaN 6.343140233045392 NaN -2.9876698144875995 NaN 3.0903369637383236 NaN -0.6188402781054092 NaN -0.8281317054878885 NaN
8.649999999999952 7.363676294672345 NaN 3.6195966183727997 NaN 6.0678846367540755 NaN -4.26125175249315 NaN -0.6180506331323582 NaN 1.1823215215733103 NaN -0.24335696803732448 NaN 2.4830395486626218 NaN 2.257701768862986 NaN 3.525542760739083 NaN 2.5519249164957367 NaN 4.404263067027179 NaN -0.37130230929332986 NaN 7.115520877130391 NaN 0.4773470049734577 NaN 6.984933378164066 NaN -2.5506388979703756 NaN 3.6237280313670044 NaN -2.3481961960415036 NaN -0.40864422797621525 NaN
8.69999999999996 6.837843641936723 NaN 3.537375281720218 NaN 4.287023721948948 NaN -2.8092011960658114 NaN -0.266450161514202 NaN 1.1667500483385091 NaN -1.5944713077087733 NaN 2.1633798340955965 NaN 2.757220166579291 NaN 0.05921107866978981 NaN 2.326086541083589 NaN 3.789162697302207 NaN 0.30178078268053266 NaN 6.403484379581681 NaN 0.25806291806050197 NaN 6.8212700577781185 NaN -2.1342793970718694 NaN 4.2746983333561195 NaN -3.505835128708214 NaN 0.09398847151862993 NaN
8.749999999999968 7.299184233341804 NaN 3.478943035732148 NaN 1.7204882899493692 NaN -1.548142695110439 NaN 0.11109846701584092 NaN 1.397645136221766 NaN -2.4453443014418856 NaN 2.482484222282426 NaN 3.572221342409877 NaN -3.8728875169031998 NaN 1.357763265137387 NaN 3.2273258881443754 NaN 1.1253367612104526 NaN 6.715203423373274 NaN -0.008312557944423298 NaN 6.701984498466472 NaN -1.294847013240123 NaN 4.040913585580944 NaN -3.719014554908194 NaN 0.30447250353058575 NaN
8.799999999999976 7.428054340853665 NaN 3.7513365358501622 NaN -0.34843420570228956 NaN -0.8532772264174433 NaN 0.6517815864204769 NaN 2.1480186553453775 NaN -2.332821977897064 NaN 2.907230929747863 NaN 5.326543293097893 NaN -5.791587320815972 NaN 0.6485906053926647 NaN 2.6334746579879513 NaN 1.969092114797721 NaN 6.6312281819706245 NaN -0.08923456301162042 NaN 6.6291610899213715 NaN -0.13859873433467024 NaN 4.5552915994073855 NaN -4.071875468454285 NaN 1.390996663528568 NaN
8.849999999999984 7.6691827752335 NaN 3.0705148233931383 NaN -1.8934393905403069 NaN -0.829692711978335 NaN 1.2528801651792776 NaN 2.225760304204956 NaN -2.11591010790747 NaN 3.0352953519886317 NaN 5.580563799839734 NaN -7.023102073526056 NaN 1.2930753085868874 NaN 1.5269912693248544 NaN 2.074946784512324 NaN 6.883368552464129 NaN -0.5679118477277508 NaN 6.109410475998842 NaN 1.3319874442371564 NaN 4.31479827000974 NaN -4.068881050012183 NaN 2.516876981450641 NaN
8.899999999999991 8.375411567195158 NaN 2.567085292686741 NaN -2.177186674283398 NaN -0.6985543667229572 NaN 1.1327301810495471 NaN 2.855731250440179 NaN -2.128379418094604 NaN 4.12901925014537 NaN 6.195268202195125 NaN -7.044312295772843 NaN 3.230341111337153 NaN 0.9385086104254251 NaN 2.5886054089905355 NaN 7.144729499899327 NaN -1.0589745467768947 NaN 6.296343719993864 NaN 2.1215993043416326 NaN 5.207785637786947 NaN -3.498357214125626 NaN 4.027831658304677 NaN
8.95 8.47487996806944 NaN 1.6801341368857008 NaN -2.4584853206796904 NaN -0.8452380684259548 NaN 1.570249456752873 NaN 3.452554748126412 NaN -1.544990641245571 NaN 5.516217605008186 NaN 4.776822879816967 NaN -6.5707373970730725 NaN 5.004835076011331 NaN -0.5343971176705853 NaN 2.3104608502878086 NaN 6.901182156844552 NaN -0.5240241251106892 NaN 5.723574480189013 NaN 2.8355238829772706 NaN 5.547022822050331 NaN -3.1803827998834717 NaN 5.217413537863229 NaN
9.000000000000007 8.310263296701214 NaN 0.6554145327618194 NaN -2.6835249768817957 NaN -0.20382275194824045 NaN 2.2426558585009504 NaN 4.731407269850147 NaN -1.7514264189939595 NaN 6.417723459781138 NaN 3.7193270980240163 NaN -6.0323127890475465 NaN 6.108825772842527 NaN -1.4277200382567936 NaN 2.2850116603488293 NaN 6.560385491318399 NaN -0.4974738664082182 NaN 5.766759858455599 NaN 3.396336494342401 NaN 5.261472481181841 NaN -2.8296955317286696 NaN 6.911618316437397 NaN
9.050000000000015 6.232907065270793 NaN 0.44839157058097745 NaN -2.092731551263474 NaN 0.1280326050484018 NaN 2.336006680322502 NaN 5.304564499971962 NaN -1.4638630198685507 NaN 7.795174423779116 NaN 1.2692717239083389 NaN -4.48485032563606 NaN 5.785524256650538 NaN -2.8129629360428665 NaN 2.321182675932649 NaN 5.880151815614878 NaN 0.307626490795222 NaN 5.739578721837358 NaN 3.6589985345384592 NaN 4.5170819566559315 NaN -2.1275971334473494 NaN 8.175613821110273 NaN
9.100000000000023 3.0839776882097443 NaN 0.7435162121992966 NaN -1.2797538894330052 NaN 0.7061220760871034 NaN 3.4009177137037154 NaN 6.0119808604482134 NaN -1.6300933652224898 NaN 9.122357229575835 NaN -1.1007545098629676 NaN -3.8332433294312205 NaN 5.02932841172512 NaN -3.4888296323575725 NaN 2.734626493587654 NaN 4.365955558256268 NaN 0.8764200079876203 NaN 5.601561616397767 NaN 3.7244879293420365 NaN 3.127451994881431 NaN -1.6771690148159815 NaN 9.316439866956792 NaN
9.15000000000003 -0.5620509738864706 NaN 1.172805518650621 NaN -1.0240032649945316 NaN 1.259328159423045 NaN 3.72355681996778 NaN 6.026911222859568 NaN -1.4199632681877152 NaN 9.711095677258145 NaN -2.5871599435329364 NaN -3.0380041623326832 NaN 4.005470546884626 NaN -3.4345949827404736 NaN 3.722966379851055 NaN 2.561655182319168 NaN 1.0274345308552493 NaN 5.399440386911096 NaN 3.7878953743270785 NaN 1.488650170557093 NaN -0.8206881627270382 NaN 10.012130232939954 NaN
9.200000000000038 -4.359983281893134 NaN 1.7245548747243598 NaN -0.562450544863565 NaN 1.9776113464317953 NaN 4.383393315890872 NaN 5.556792653966083 NaN -1.717123352247003 NaN 10.38088864040264 NaN -2.1376678128742883 NaN -2.59219412336177 NaN 3.4495011055403615 NaN -3.698874553565476 NaN 4.336763128457091 NaN 0.29070271522684804 NaN 0.6931685168440865 NaN 4.992461372265962 NaN 4.105606319891468 NaN -0.7715644830622881 NaN -0.7011667917678863 NaN 10.288840544073942 NaN
9.250000000000046 -5.525776787763551 NaN 2.8521484229197926 NaN -0.1068446162049484 NaN 2.306521046066745 NaN 4.757103834414636 NaN 4.185459719669558 NaN -1.183145508026995 NaN 10.208617189601117 NaN -1.0025757995175526 NaN -1.9182593261146546 NaN 2.6036432953386344 NaN -3.7304257603051565 NaN 5.460641703386486 NaN -1.9806205271668134 NaN 0.3417179331677729 NaN 5.177664270119359 NaN 4.186564873050421 NaN -1.8558522929656573 NaN -0.30059373036584514 NaN 10.87209121707931 NaN
9.300000000000054 -5.882479525934091 NaN 4.196925501768686 NaN 0.08584520972906148 NaN 2.9358176541784107 NaN 6.0320100235581915 NaN 2.8991181705811653 NaN -0.3556736839414153 NaN 9.392521895374 NaN 1.0006231759354065 NaN -1.4684793444540425 NaN 2.0420971508918155 NaN -3.1001081763753486 NaN 6.43848189135282 NaN -3.5377820864339387 NaN 0.33073926510939067 NaN 4.93049137659086 NaN 4.130274149499007 NaN -3.0141284431525373 NaN -0.32598800903264197 NaN 10.71627475092649 NaN
9.350000000000062 -4.477619291041558 NaN 4.7010338830037295 NaN 0.6948439079426976 NaN 4.138932494451234 NaN 6.31179375266555 NaN 1.0716445349811932 NaN -0.07521388142370032 NaN 8.8733080423418 NaN 2.86757081865884 NaN -1.3573525229646686 NaN 1.4235766153428242 NaN -2.107218584087904 NaN 7.38331913691124 NaN -5.0758360769008375 NaN 0.5803618434063842 NaN 5.080484167108696 NaN 4.472837226927967 NaN -3.550907511749023 NaN 0.5160145004123771 NaN 10.311401602801 NaN
9.40000000000007 -1.9453879376515248 NaN 5.382023657321845 NaN 0.42953277701980547 NaN 4.889867225912698 NaN 6.858135339680437 NaN -0.7242089780893075 NaN 0.3240363211060944 NaN 8.472317521740415 NaN 3.9099452683316516 NaN -1.2116931129462367 NaN 1.07306859653423 NaN -1.8650764694160369 NaN 8.072961069898437 NaN -5.19173048805532 NaN 1.1790390799304897 NaN 4.954277859998895 NaN 4.798675340834439 NaN -3.3399969134919063 NaN 1.774040933873317 NaN 9.921857994657483 NaN
9.450000000000077 1.0982402022651196 NaN 5.665804285084728 NaN 0.3684645350732009 NaN 6.305026620847573 NaN 5.81737985091279 NaN -1.1020162569632903 NaN 0.19461469047610858 NaN 8.219562320213436 NaN 4.664032693719433 NaN -0.9550201301805893 NaN 1.1565290543611706 NaN -0.9450878699775644 NaN 8.24545271064187 NaN -4.121191595336183 NaN 1.840512402308104 NaN 4.459990603424087 NaN 4.443764892327033 NaN -3.828689285507463 NaN 2.6846973143150015 NaN 8.217206437376591 NaN
9.500000000000085 3.558531874462306 NaN 5.617292647359341 NaN 0.6248065054833993 NaN 7.055387744898232 NaN 4.120040815705206 NaN -0.9963173464726622 NaN 0.644517742610178 NaN 8.129314428082985 NaN 4.9205126977246385 NaN -1.3631213760403385 NaN 1.3283811040908584 NaN -0.3666614002122691 NaN 7.786671265474656 NaN -2.8514526191850287 NaN 2.9007593382066186 NaN 3.829279706791074 NaN 4.548144622835005 NaN -2.9107495229610683 NaN 4.429075218424279 NaN 6.538284204621235 NaN
9.550000000000093 4.481758074657099 NaN 5.6383245959808495 NaN 0.4180844576236382 NaN 8.523440583070725 NaN 1.545318202228773 NaN -0.7930880627929333 NaN 0.9582912006512472 NaN 8.206481372839566 NaN 5.030053561872054 NaN -1.5110409318463622 NaN 1.1453518895796315 NaN 0.3568668938385893 NaN 7.700035835937892 NaN -0.7550014803081327 NaN 3.1718884175931845 NaN 3.2443549390047512 NaN 5.206307428079028 NaN -2.8931399019787842 NaN 6.276669378570233 NaN 4.732896616766519 NaN
9.600000000000101 4.0791051520964565 NaN 5.822679630388426 NaN 0.4887566623438463 NaN 9.586221668428976 NaN -0.7816511638112122 NaN 0.014427068093223916 NaN 1.7172148130599094 NaN 7.348254176910056 NaN 4.842402717158824 NaN -1.4364550909979212 NaN 1.69302808432929 NaN 0.9288696738318664 NaN 6.816897583285164 NaN 1.1659440544491158 NaN 3.577595840901324 NaN 1.995274042924669 NaN 5.013028146158984 NaN -2.225704209595435 NaN 7.777389560336875 NaN 1.868543079413846 NaN
9.650000000000109 2.408197879912916 NaN 4.941745752159951 NaN 0.7190666210587969 NaN 10.270739498841566 NaN -2.2811438743504713 NaN 0.036368970499475656 NaN 2.2565088938913522 NaN 7.502081871204848 NaN 4.410230353012661 NaN -1.235748184451808 NaN 2.5999363775460433 NaN 1.2355289048535971 NaN 5.698448264136599 NaN 2.282962958267253 NaN 4.298713735318737 NaN 1.078478982830855 NaN 5.367527307329096 NaN -2.437132109864117 NaN 9.043009636599933 NaN -0.9603445110761923 NaN
9.700000000000117 1.063448493411151 NaN 4.576928262327462 NaN 0.7753675846158921 NaN 9.937060739837177 NaN -1.867561275575262 NaN 0.6657923246000746 NaN 2.8918616604788703 NaN 7.027770764309371 NaN 4.563208159010319 NaN -1.1245537018046303 NaN 2.712383388993235 NaN 1.89161613333702 NaN 4.941447865586266 NaN 3.5066376579903875 NaN 5.065561548212219 NaN -0.0886783266741634 NaN 5.6034766880869835 NaN -1.839039082703429 NaN 9.256171751801888 NaN -2.005029799789664 NaN
9.750000000000124 -0.029211451936686172 NaN 3.802484968639309 NaN 1.584351962645254 NaN 8.63512880679161 NaN -0.5630344874866139 NaN 1.2650243766691758 NaN 3.598488133635486 NaN 6.505073270594911 NaN 4.748320832185674 NaN -0.749118343535977 NaN 3.53776583120597 NaN 2.5331657752049415 NaN 3.932836615342355 NaN 3.489773392346767 NaN 5.996656596332574 NaN -1.1735053523713233 NaN 5.976626080233863 NaN -1.513698217464855 NaN 9.936080254227486 NaN -2.1122175895654283 NaN
9.800000000000132 -1.3583237145501281 NaN 4.298684718148107 NaN 1.403113928660834 NaN 6.848960828648739 NaN 1.7361865097940872 NaN 1.4731308150255655 NaN 4.909045489477653 NaN 5.157804487661122 NaN 4.5429027505950454 NaN -0.4852595379096594 NaN 4.307253332932986 NaN 2.630960967377429 NaN 3.5354609816213256 NaN 3.6233146855180327 NaN 6.379214393920061 NaN -2.0727125592729143 NaN 6.4321956976786305 NaN -1.8467342015478947 NaN 9.523626183615521 NaN -0.4900044137891751 NaN
9.85000000000014 -2.122823489752992 NaN 3.0610141518676564 NaN 1.222338073415305 NaN 4.148725669024299 NaN 2.7178555282378305 NaN 2.1671410168895817 NaN 5.851578566017498 NaN 3.189330095656255 NaN 4.670827747153835 NaN -0.08566164619213973 NaN 4.814617163390854 NaN 2.6232511486153647 NaN 3.1011444262031564 NaN 3.1324603946361553 NaN 5.96542744861528 NaN -2.4054229510452467 NaN 6.792838129004864 NaN -1.7547625096650425 NaN 9.999480873798761 NaN 0.9390569496272826 NaN
9.900000000000148 -1.7730009669753517 NaN 3.1367940285207494 NaN 0.899668495644521 NaN 1.4827020544427483 NaN 2.598831518700471 NaN 2.257598327998587 NaN 6.619043379110643 NaN 0.031093197148877982 NaN 4.67951607855558 NaN -0.53964021018021 NaN 5.9575231252010985 NaN 1.8528872158965606 NaN 2.9013933725303005 NaN 2.948426922579748 NaN 4.569535562799414 NaN -1.9148541851939473 NaN 6.528598644898331 NaN -0.6097752751148134 NaN 9.416838245172668 NaN 2.0715758912218245 NaN
9.950000000000156 -1.559598694926215 NaN 2.216125916350823 NaN -0.02173975588046724 NaN -0.502853262111091 NaN 1.6738996293017556 NaN 2.7750088919583047 NaN 8.00039299479495 NaN -1.5173784409107742 NaN 5.241124835465832 NaN -0.20726000699849217 NaN 7.0701568839499505 NaN 1.0113283562777284 NaN 2.3540245556571087 NaN 2.5134912250984516 NaN 2.71118398273253 NaN -0.941353100291083 NaN 6.73477719789639 NaN -1.0046326817814988 NaN 9.471434935742822 NaN 3.331852875365487 NaN
10.000000000000163 -1.1204782305074659 NaN 1.7509493729150942 NaN -0.7642091597206402 NaN -2.34736972045904 NaN 0.08224384580143518 NaN 4.228604972845875 NaN 8.194017197209815 NaN -3.0213456670099035 NaN 5.214173943712363 NaN -0.19455626799877002 NaN 7.605984237439494 NaN -0.12680124672007675 NaN 2.660802839142156 NaN 2.8676900278976474 NaN 0.20684525541936324 NaN -0.28534013900986477 NaN 6.709669358835629 NaN -0.26286848221449277 NaN 9.684546915979697 NaN 3.2293176220541038 NaN
